218353
189615
186170
140161
17725
158138
221280
152747
206592
188621
47189
194958
213568
183853
186561
226014
213569
2335
187939
156626
192274
202425
188145
178063
212934
52782
51868
209399
210504
149241
33022
177295
225711
187048
225050
188232
193953
161999
204826
199313
202330
204171
197233
208135
100329
212280
41745
210450
189568
197901
190193
198420
184768
209620
180316
157191
210766
207716
192670
229026
177974
111085
188484
208005
207541
202153
17880
159580
187175
163423
138675
225541
218548
159566
199724
202600
198840
114663
163901
112392
229149
171405
206161
140730
158505
4769
231638
221841
189047
177129
184585
224355
224438
206567
53363
200743
180440
212988
101882
205162
208345
211362
164853
209453
209439
169568
205485
181205
165740
212388
174665
180819
163828
200223
179055
224031
225410
193768
192471
179710
205864
184433
231242
211185
201176
176941
224303
192323
190885
184789
202676
170046
219695
205947
5440
194952
200353
193177
225151
184368
179605
190544
213374
223844
185171
177615
177713
183280
2115
200794
212107
183385
190714
188770
156656
159339
208330
139305
203377
189658
194769
186629
171732
152920
206628
219953
178616
193600
165003
173818
172953
224921
148572
184410
187850
188910
201170
176619
211267
169383
195012
192072
184549
194911
193351
205122
163653
193874
135530
137419
183243
106019
164082
152769
191221
215245
210008
224823
197081
184826
208787
203886
205008
53056
223293
201223
213937
206396
187338
219647
138539
177529
220968
191005
219913
210259
210648
172423
188825
201818
195843
163658
188795
213932
216204
227760
197939
155885
1323
194076
187954
188132
233642
201143
193364
9639
109693
202271
201971
202373
172176
151473
198781
53027
169072
49939
209352
52778
138421
178036
184261
4246
140307
36846
229983
139533
184858
110606
173681
13354
164980
229248
13739
158087
208614
20556
225676
206467
192731
188706
188382
231691
203822
229013
14907
176407
144050
110375
14510
212030
110652
210423
113441
103935
191688
210358
178087
110638
172013
2431
173023
186681
5879
178492
220475
198474
110341
8741
123617
205566
186961
178452
190982
188017
158440
110809
135734
168580
162047
222352
140556
181318
220668
223965
230687
182822
230079
6775
178117
216332
213902
202493
171315
170568
197890
191173
188931
143076
138810
153164
199487
216666
210035
202612
203895
218415
225385
224159
193211
185103
230976
175683
216313
47763
215716
216472
223489
189757
18881
204318
204257
204166
204350
164492
213157
142385
167285
190449
45472
206278
172278
216349
193936
197925
139572
27971
198117
137159
184310
200151
178546
200810
223732
1075
163925
203551
101904
5213
137378
105427
201352
144593
194716
205720
142359
51179
177528
1088
137873
230145
149269
192491
137460
220925
177589
178393
205659
230557
173129
210413
6
163989
140422
169458
211284
162003
52951
203372
199247
219852
202680
212031
195858
213655
198394
223623
168919
172716
189163
6895
202646
189324
204135
2629
198784
178584
201149
1637
214644
191043
203447
157945
219751
157503
212462
178054
149132
186613
198033
136130
198144
162223
186982
137659
209510
209842
212219
189060
189272
45874
213813
20882
181349
207876
231111
105558
134860
53967
152569
121170
200700
202605
205895
212253
202789
216549
177455
152567
109416
111172
234141
229060
173040
188601
183887
220042
45169
135743
49467
193301
199574
176363
223510
184383
180175
18181
177568
228768
142329
150267
211061
150891
204173
231346
222982
228804
187891
211328
184941
163991
135742
207994
229301
149599
228302
204729
208535
195586
188879
202107
190747
176692
200773
203528
215384
49940
223198
197678
148684
51936
212469
205342
200233
223958
229362
193466
226713
191589
215871
200898
210879
15706
49000
192667
140047
216388
199914
232208
227873
189767
188603
138698
199661
228592
53030
155681
202889
193105
183813
12492
203879
213311
142451
146741
198630
146377
190150
184197
188417
216447
189661
202935
182860
212476
146749
201153
146439
172098
146932
155827
41196
204830
201403
176858
181455
231109
195209
179763
230613
190248
202195
194718
149568
177668
28298
204099
203187
229321
204845
205966
189727
189432
199282
193300
195839
8284
207744
169770
199986
220965
204098
227732
210536
121622
224291
186887
216189
191740
189574
49364
199792
187042
135043
202550
209025
223829
220921
181228
206024
212523
189488
167963
192442
193234
188547
193490
106213
197946
184565
15270
194022
199626
227236
212691
176571
169422
139245
205998
193023
229889
203299
184133
216102
209804
200785
164300
189794
221750
211575
211862
181149
199779
226370
178108
12624
167441
135440
176030
200962
205512
169405
224953
162386
193862
210007
193495
164299
193130
228941
224075
205598
53519
201908
153244
194963
51782
137186
208596
192073
107494
49026
188612
163402
163489
223329
189022
103496
178042
49633
164375
199557
138902
162312
163491
198826
178448
123611
169115
189192
190162
190097
155930
138874
7763
137403
185174
163407
182168
189557
173211
161693
197689
211305
113221
176687
183781
213661
101868
156713
45471
210776
53066
20551
42521
23823
191251
181381
152265
198070
192665
157618
208230
194017
199398
111195
216354
183999
146296
171897
41
186937
143136
215602
8247
198317
192476
159579
162898
156675
163570
162979
11414
170635
13690
162471
192625
183238
198192
4695
53384
216267
189186
7274
172768
162980
208374
147777
114123
224567
184689
157434
207533
173401
181959
13128
194932
215575
27556
182836
193983
155898
109728
155299
163225
220908
186578
28725
198705
30697
159302
186564
199278
184055
214997
183898
157269
146513
134963
112509
186682
153938
177633
194200
189707
148853
183855
52829
144555
165440
150263
53061
202474
223219
178563
176627
203446
137686
192535
197402
172665
157734
221376
220018
211293
49435
223268
179909
193444
221267
51121
139163
205582
53409
203910
51887
201938
188146
199482
197082
8012
211300
164465
201022
182212
184167
183870
122830
179665
151871
135859
224882
189120
19689
167705
162391
198554
176154
156477
223873
208675
183361
162147
229336
213021
169805
194765
232118
170609
28057
138949
53412
213954
186504
212987
123159
219561
178086
138497
183450
170514
173155
169426
45080
149247
173221
15754
7631
4739
219864
101689
170720
216079
120274
134610
201179
194916
4498
34824
147651
177769
146568
111105
137484
112640
199157
221501
194216
226518
140293
156988
146571
149309
205452
181816
219932
210508
156008
167905
226278
188487
220785
229590
181498
150881
178424
216433
202517
177565
169649
200106
221919
192823
183933
143745
4114
180714
187818
146955
189451
162245
226239
212677
106231
226221
146104
49419
178140
183938
9014
19687
148496
205175
200087
201172
203458
169464
216145
216479
192714
215447
194108
207758
19260
138415
203214
5047
137324
193470
178233
12695
201456
51075
6251
224163
184935
5721
137510
153298
230560
192118
189721
189167
203793
168539
122849
204252
213746
188058
232550
227863
49116
212491
192038
171322
171189
206279
192302
105846
190687
192587
177790
183140
192973
189447
17944
162514
135466
138297
113488
149008
181872
39521
201017
193632
168320
122699
157427
186905
34079
189280
163824
152908
205541
193123
208945
45655
146941
190584
110974
172723
207878
225970
230144
184852
193029
198849
192688
134744
195256
191541
184612
208198
176915
209471
215601
163596
183284
184664
175721
157306
1880
216696
149315
220166
166928
224661
208585
177413
203632
198076
193715
212218
135656
175388
215590
223142
204132
202168
15715
209264
192337
225368
196896
190628
163419
169810
183279
143419
159145
175847
205190
137113
183766
179613
187859
179918
179702
163678
182879
157278
215785
188550
165179
208834
213839
172050
204240
208395
171152
164873
193458
222272
163979
183540
148965
200443
43020
187830
838
46014
14180
184634
176018
34437
5547
139738
226662
227633
198177
228870
184554
209378
216193
49486
190690
215502
148758
201114
220587
199763
165010
229730
200975
216003
201081
148762
189924
189558
148478
223731
213423
189068
217585
2162
28061
189390
11114
189265
121944
193093
170786
193518
208339
2655
166074
169508
186400
163670
199563
163621
173531
205923
163155
186194
216211
226454
170008
186829
189682
225191
200424
179960
169843
160292
138786
177600
228931
177465
179784
150389
205451
210004
189561
227857
202052
200429
190674
136040
204196
214097
196580
200966
122792
167508
223222
144071
120305
107280
228579
189433
15402
193226
203445
10468
203158
104101
211903
163640
200726
197641
177800
204884
187038
202753
185090
116346
3665
226851
183828
163666
198200
229793
204367
226759
138671
198971
134957
157392
41734
158121
188175
150468
41874
188727
177635
193550
208165
172547
212980
28277
5231
222457
190471
560
154454
218667
148588
186521
192563
177521
6186
11814
148890
175576
116334
112251
207948
224772
211578
182629
193410
209769
221907
138722
198264
212146
193552
140492
186765
215495
209698
122653
210831
175789
205096
158879
52474
134787
210828
170494
223663
170890
52042
148480
183228
138699
6971
199183
51261
202560
225599
142579
227898
53436
216420
223337
165427
136875
189967
164407
177149
183197
176993
183429
45616
215970
223869
2153
213359
181814
148499
231073
6862
193281
194996
202143
110787
194761
198790
212129
228635
112458
110117
146612
161956
193891
178604
139274
120309
188123
189939
7280
208030
188288
171899
204896
189500
5750
168799
204472
176690
137552
11983
164505
213555
210389
152536
165735
152740
8205
205557
183901
109493
178747
193091
209371
122827
229158
121591
228666
212204
209504
178372
198515
229065
200234
162830
183037
199460
166088
184035
219285
213303
179811
201043
152027
46815
222357
190970
209852
222708
180955
2151
138336
15639
173982
188257
170114
172529
51503
53443
164771
201426
148828
148634
199286
179071
196316
204685
198585
20537
209719
186954
211368
211120
159460
138110
210292
13124
203799
191023
192202
31486
182641
5401
203296
188270
212198
198013
189425
225402
210361
200228
51910
230885
52983
219719
199837
199550
8387
211783
184141
193864
140089
210031
209444
219908
20642
176031
210282
188411
215455
145047
226865
186786
161214
184120
15638
191431
202461
200818
138985
192521
164852
203864
138933
208268
199170
229659
3148
199386
198335
216482
209892
214723
176949
229212
206040
199933
193306
215644
186539
139550
179982
138350
101378
20686
199931
218623
144333
164234
189196
186519
139461
226736
187619
197970
201078
1860
211093
190852
186370
210724
205349
196978
196940
205989
138430
164765
226479
184002
200348
223687
152699
9723
167834
231535
220940
165191
215419
208691
191058
163016
205926
110026
189219
163158
172210
5461
200841
139836
163858
181017
192512
210930
198694
200517
13038
192683
8568
156227
1102
199414
103940
165031
207664
40805
172070
215056
168379
188413
225121
204876
146970
205503
161664
192708
181392
19324
1229
221014
205570
233434
110363
221860
105803
152830
184833
111661
206604
189858
177564
216749
162998
11576
172283
20798
165505
148225
224473
146992
232459
52974
139229
188620
182882
223295
218175
143001
195003
173832
16188
169416
221923
187132
53424
50588
213152
110389
171314
6398
101658
218062
200145
210539
167958
165769
177902
155931
140274
193693
205887
200091
208603
198951
4806
139561
169276
215604
165243
116494
177368
192027
112393
50907
219680
233139
116677
53815
179586
201118
2135
51620
225934
197885
3337
229934
186822
190799
198129
169094
146558
184432
140276
144054
10780
20199
4001
46065
220084
105866
52935
162895
180409
176209
175381
222825
188788
195319
170349
203885
178243
210897
111503
200957
199042
156634
162970
179768
178417
164978
188911
233884
150374
221536
231098
216503
164029
155976
195671
169638
179692
219824
204760
232211
193057
193263
204233
203271
167885
186127
188325
195698
205876
170783
183395
219470
186801
145586
51917
182409
183329
177937
232693
177106
164478
202190
188227
138289
184274
52306
201975
138243
162892
213566
173752
183545
164768
179660
5417
137509
175212
19756
13843
203544
183282
184557
184747
193278
166847
135061
215379
10899
41223
181457
189881
155881
53469
166758
140522
206505
178187
1219
206221
853
205601
186525
184111
4514
180255
193098
50394
52797
190545
169403
137553
190460
171087
139313
158856
205940
104476
209846
207918
190324
45326
172297
223464
121940
149184
215417
135456
123581
150368
1111
177639
45763
159265
227796
193169
144114
184285
121185
144021
183640
193063
138911
45473
11097
186912
25110
942
109321
114126
226559
213571
12070
200953
156443
204024
30663
194089
35179
156975
200899
38256
172138
150590
204338
170791
595
137359
163713
117254
198856
222109
211011
199382
115888
211673
204282
199421
167841
233229
177298
232411
186939
195436
199891
46590
183412
216474
184250
210401
139894
165889
202123
207711
189012
155355
183129
156914
164361
192033
135423
217820
189208
147921
201325
154563
192387
158996
138630
199517
212112
1256
200793
607
186721
156004
219780
1668
186935
152795
183068
1257
174543
45032
20607
158282
173210
142774
164368
135527
25420
198513
113212
102064
183893
156124
165429
193888
176768
208895
197376
101336
188575
177953
187924
107391
203971
218614
158085
210002
155897
19104
208364
212273
208628
172316
200059
4240
166114
138822
6799
231816
221906
107901
118367
200862
232183
158521
203222
216299
202770
191089
222046
216790
204360
210662
171881
203751
204466
175894
216578
212754
211239
227188
219683
227801
146510
760
147899
192613
134824
9805
159080
180706
139609
179831
7842
194806
186157
1889
152677
178487
53110
212337
212320
189885
213478
155877
212515
214651
195541
212277
224865
51733
183160
135479
224126
188938
228964
202827
210112
177035
146762
205353
6747
219605
173306
144543
198553
204280
146986
167423
204475
187644
223229
149064
189437
171100
205070
137151
174381
170664
156221
3325
51778
186537
213846
200315
193696
49617
177983
7558
201389
173305
2622
4556
12011
201939
20801
13077
205068
171810
205555
192074
196991
149124
189714
204519
231733
163761
203224
20799
184088
177479
208323
222262
694
1373
164985
107261
184027
205810
204389
170585
224243
176054
224000
140200
229148
226866
210967
190815
216380
214885
175657
190017
39386
179875
183135
215577
198046
183896
213403
204147
233006
214620
193724
163917
203843
223779
20525
204920
140488
216221
199554
3563
179789
159577
51287
219781
179975
5134
169923
190416
181436
137561
135218
168283
183926
189478
184872
161922
167498
158333
205983
200090
184749
196906
212226
213125
184988
189227
190093
172295
170916
216194
189586
110146
225123
204474
213133
199408
192645
205871
216094
152039
146530
212883
47608
194334
137351
199803
184981
202807
190215
177409
189043
158132
213382
198032
197083
158258
189468
189156
204963
222509
176736
178475
163665
116979
2138
203440
157463
213488
203541
193886
176788
211864
189538
177870
164320
222685
158902
19271
186137
146637
192445
163340
110657
32420
101488
175996
201301
20083
110366
146769
162934
206255
112650
176773
139257
211470
208898
46167
192892
6541
142402
104702
190494
148111
200435
189513
158887
211209
203357
181247
204304
199729
183426
188167
187062
198311
171833
186756
143746
188991
16897
172522
198194
121971
205407
45595
45129
177915
105474
149449
137406
53302
149174
173147
163920
1277
163461
137410
158128
162297
177803
137179
186607
211320
170661
225844
163027
190593
9801
193621
168732
172140
199703
192593
211361
198946
178278
202672
200888
216283
177906
201635
199753
166072
199304
199946
205543
223517
137534
212485
138629
151225
202429
186132
168633
169571
149094
4238
190497
178556
195859
19077
148622
189410
20232
152724
173889
169595
148632
53435
169600
209674
207998
119814
186146
216272
193716
28097
172080
158625
224247
220589
192621
209600
223396
152997
7647
211067
193706
177492
137637
204226
227584
8763
167502
218043
183471
193517
231385
450
148756
215492
177774
171908
153221
153144
209411
161913
189181
208160
212127
148810
184399
215437
223877
161651
50598
4360
138782
204062
224582
203877
138241
200449
163203
156894
169697
216256
169590
155974
198135
194120
214376
210463
188155
149825
204840
215297
229191
205565
19400
192386
160741
189253
197445
111008
195124
197940
45121
146121
169441
250
50390
152555
202104
166113
178623
181462
139784
163890
190179
146691
219848
212686
177672
195020
50952
193080
108750
178703
7687
117492
51373
172207
158716
163162
181379
224830
36660
177361
138390
193435
171993
135808
146059
110023
165233
222407
169071
183315
175367
168640
100580
100987
219896
201318
184913
228516
185
5345
1408
162891
202501
212625
51297
189701
201505
112628
179944
49214
52331
140498
198328
10183
139546
198091
148625
15552
187489
229193
209039
156745
111022
177576
139296
169095
61
176550
24248
183392
144741
139614
164630
134594
167868
190151
170569
138468
178687
137330
168542
192636
204278
206564
4873
193708
182207
180849
105477
226427
189865
205963
199829
5984
138564
151976
657
113422
219244
50637
165736
199441
219923
193449
193728
144024
172290
173198
178312
198587
162174
149233
106874
228881
139259
137499
161787
183414
148601
193645
194890
184976
113184
163948
208166
163405
138871
101153
189484
47699
216150
159039
212626
138026
204266
35310
148635
203483
193158
204549
33757
171556
221168
148761
216110
176256
155494
163852
198873
198841
163001
145620
636
138816
120018
5445
3174
207464
152991
188181
159074
19874
50474
212722
209935
211204
219925
188657
53769
23972
197837
199409
142406
230132
204957
178024
197169
199152
195086
211464
181857
199276
6908
205759
149975
178259
211117
181113
188763
220633
177134
220566
179886
192454
138588
137084
221367
176414
197971
225951
206225
122938
193067
185349
200644
184781
229600
204331
204900
206005
212055
205192
200954
184512
51484
229261
202455
107904
227579
189389
215531
200915
221848
167497
164491
199191
189464
189388
106036
51363
170589
199284
105663
175389
199652
8040
52521
190169
233027
37872
7820
209726
178055
100978
51293
49043
28739
205483
172855
20204
219514
209523
189094
224242
188756
226174
215421
230591
207947
193554
187940
7264
100585
204386
3712
191055
158443
6190
165434
31432
179589
175141
45172
9833
165580
185204
135576
115533
178090
170719
113158
171318
219693
147006
179977
194727
179844
143102
7754
197785
193077
189485
49072
219690
182493
158877
227106
200853
29716
213400
223832
212602
210016
146748
138445
105469
135819
199493
199394
142708
193510
159518
183900
192012
112556
5171
189097
213114
204709
191487
172114
138706
136138
201103
206062
19632
162218
496
177392
204908
171187
30110
177278
148196
219803
184115
203177
204442
177388
190913
179922
6139
150266
208053
229105
180738
221706
147445
204352
185375
215817
200450
210560
203787
204401
224458
20481
166407
162950
193493
200271
3246
188313
149249
228942
210205
200510
230592
15723
183736
225414
213135
208716
184823
192527
178620
163415
181721
172957
157581
205427
209401
217844
7784
201042
177772
31686
185082
229846
192282
136265
227654
231416
193571
204184
207651
229478
231137
210935
173208
137774
171016
20613
100522
190670
225539
221764
208630
201066
212212
150496
221428
212235
137261
224206
193310
167437
206198
177630
183660
148859
51513
209455
209493
199266
134982
184001
221363
184655
205377
182652
179943
204910
202654
189133
231226
209673
194086
165180
196143
27532
138841
166048
216341
186842
188687
224113
190483
210822
188177
187570
188899
193429
176578
169558
188594
173491
182740
208714
175943
188424
174804
137468
140057
212882
110283
150746
17912
176828
179877
186433
189536
216268
167514
199508
134765
185405
193140
181274
199434
186441
186538
176377
164353
215333
205670
172630
135080
224116
204619
189551
204422
207530
209459
222138
233007
224487
219779
227230
224052
165716
228735
46727
206035
164880
183277
204032
193984
178311
176425
187404
189795
168529
210257
176964
156272
210558
161941
219728
152922
189346
194956
192732
205753
177113
188277
208232
180930
152847
164857
179813
156814
188977
205597
215556
228352
157803
223524
188386
4858
164986
156655
201283
176956
202885
159478
110368
189958
198139
193757
50712
140526
201401
46087
183745
200320
190972
206655
177491
163873
108075
217873
176791
51061
204394
148636
51539
186876
167519
100496
172398
182103
112920
185363
5744
180739
185240
188252
12253
205295
212338
136137
185089
52326
199202
190531
201514
187763
157980
169144
171529
202473
169996
2492
193663
201429
209720
172049
168561
52016
169063
186595
161943
210425
225126
169366
229137
189084
52117
213409
158228
210864
223228
209447
137818
165804
169551
157774
232556
201061
175792
142344
172854
215144
186840
12940
143168
164476
2181
149224
138923
192841
137178
165244
216789
183671
198267
138711
205707
179741
193006
194001
155445
133249
181792
207650
186830
2231
5860
211268
207677
143156
7766
162949
179696
202811
46736
204819
225299
168354
213379
196946
167797
181377
229710
189020
141200
53050
192575
224540
169387
163424
134783
199835
190445
229890
210219
188824
196819
188289
139788
11346
80
208333
140618
155961
226630
192546
199966
192122
206522
177640
199467
226628
223197
220295
157589
190424
201990
170766
146745
110852
205382
221740
10863
196432
197768
212225
193406
221322
187761
204399
233885
202040
179972
141645
138530
199418
225508
116309
3772
202335
49483
207920
203888
117343
184456
123060
183569
137337
170214
199287
214553
213629
215701
199828
202338
53460
189713
192169
201498
172280
177965
206022
170368
201991
1393
178567
229211
199745
222158
198149
140906
20057
201860
199283
222597
176014
143106
193369
183454
144359
175313
101288
190931
159354
225685
183567
202557
190202
198040
138123
200839
178085
162233
146527
193930
178213
49488
202540
189296
192275
205315
214925
165174
220846
5244
190769
197953
45701
147433
163018
208163
177407
186128
166080
212795
150288
185339
178562
223205
209737
177592
148624
25249
205194
190277
206489
199666
143183
199854
170481
159065
189889
186695
215183
165520
206006
183156
146543
183427
11110
183346
193222
208470
177159
177019
186550
192492
148584
192371
210047
139234
183572
226271
165767
182177
184926
165860
111477
208832
165240
53036
183287
186722
210824
209499
24894
186200
1183
213917
163927
117321
173162
171688
120718
186950
223831
193692
188838
8516
149085
192253
4600
45733
45124
224394
183322
210427
184606
159261
46102
219750
136185
189680
164225
177723
116391
176552
2091
167702
191390
211214
49457
48745
191065
213360
230674
188334
178437
53116
139162
199186
210954
183966
183614
209273
107263
218214
190174
194196
192989
201454
214907
210109
162221
230036
143743
163794
177590
189477
7767
205083
228348
220966
187396
204346
107579
167398
208158
113176
211557
212404
189736
210964
213814
173132
179847
201988
186140
139668
220466
216796
178418
170309
232437
220513
201335
202828
187491
226114
201387
201995
232129
175254
225346
203796
184965
135475
192988
177389
214207
152870
176957
203798
184820
188234
182105
768
209767
170159
202088
191066
150426
228080
227604
197439
190232
219765
7674
177588
198229
205138
217792
218215
112947
180281
135507
176028
162123
212618
143587
199651
135570
138787
177981
212473
165517
204504
162131
207707
215262
178628
47131
5661
182494
53014
210982
221883
219880
51771
49369
202460
178614
134599
155861
184134
202642
135823
137171
162963
110377
164052
8471
177936
138854
208025
182619
182816
221989
189172
193835
208894
152953
125071
186524
193881
207555
220912
205073
208574
230988
193302
185009
210171
219756
221969
205704
150520
208631
102021
205196
7080
207733
191130
215665
176494
164169
223473
184678
53573
189640
192642
163905
210329
1198
158738
183332
215755
21144
178037
20578
205545
194082
603
175342
52126
134881
153267
220620
194846
45601
51934
228978
211092
198688
182821
179976
117039
11215
137708
150490
228336
202512
102409
111238
200113
207755
189397
229728
161857
52104
150425
197948
165237
211899
204260
158797
204970
192437
210667
169114
225018
232295
193427
204210
188271
49477
200303
192875
220123
184591
201504
187935
112811
193529
169586
183520
174859
221653
149242
199845
137129
268
193786
51779
137734
188076
189053
1275
178043
210670
201916
120238
183418
149185
154545
183924
113278
120269
137220
164370
51732
189065
216779
149277
51720
4459
1238
169388
189271
130933
13856
170355
233930
200454
177644
161863
162928
8298
202416
134634
166664
111199
22499
49389
193844
223146
9037
189054
144727
199738
112230
163429
156647
198591
228811
220876
7434
12462
156616
138065
188696
137199
142747
198347
186405
152915
123623
200983
172110
207471
199808
190575
191050
181559
161700
201935
224218
170972
215302
105471
198067
213013
213014
3654
139727
19976
1177
179955
5471
193557
198134
899
162343
158204
162342
221335
195096
200273
180840
144069
172203
193628
202354
209829
112292
165403
168605
179626
160774
187077
142241
190326
198162
100934
189175
1672
188387
152018
208508
227222
19307
11465
552
229608
212408
177310
10475
49490
187988
188125
50895
203780
211107
100143
179984
201342
208521
183474
6975
49886
194149
169051
214421
190919
193461
215527
145758
170660
184242
188185
196822
233969
146954
9751
164657
106539
164469
221701
174732
8222
138654
218737
178033
165526
201305
172100
197688
135537
201326
187200
201931
168393
189288
184328
193558
45618
201380
199560
200780
152554
41835
150676
192739
45062
186197
196943
177766
201025
192647
203699
228353
215459
163662
182178
105330
216072
188031
215751
170988
150009
211175
135513
189160
223397
173731
6826
109852
164927
171983
176564
139657
148878
18923
167867
210212
53585
46997
189095
164468
45098
169584
181725
165449
193813
217825
192320
188781
172813
179574
169450
192594
204820
14005
139541
138429
193532
171320
4190
244
53593
219621
19524
13761
209535
186147
205726
229636
201508
198757
190634
220702
203801
177506
222286
186172
183515
13920
200214
139579
229419
168636
186451
15725
210466
52500
158438
227055
191451
144013
183607
217648
212536
138024
149136
4202
156196
156986
144037
186672
187931
190814
116866
163791
201455
184895
188230
188384
195065
189922
5688
179592
152507
197990
188168
202199
50455
45448
225652
198379
212942
183382
219732
190734
211042
181291
6159
137551
210870
46027
11125
156725
157498
103591
171247
204071
202477
198590
184098
208093
152729
138420
6422
172055
210129
29183
138798
142938
193601
212453
142532
170802
215316
201979
24413
209449
202730
159236
188281
172149
170733
232438
203443
186270
198131
148110
162198
189125
106710
137361
164
229027
220085
208379
175447
177103
123610
202848
149073
168297
193409
190249
159276
224925
137228
202349
178451
186502
106795
189894
5099
1179
230621
193524
197681
184176
159040
163907
188330
11808
178066
158242
208826
223751
192297
184370
137696
149954
149407
193869
214091
211567
50247
175341
135520
173444
172944
200201
9815
186718
178360
216105
222909
186161
150655
221646
138351
193178
215181
202475
179667
138956
7597
188390
206433
199060
141308
193076
170369
52102
198256
209375
210213
139669
2
183389
5704
197786
137440
211423
188214
184338
137133
8830
157791
205687
1085
123620
149217
144592
230681
183906
194102
162409
157495
52810
178425
223568
139776
123587
137782
53601
205380
139866
172937
194031
162215
163303
199614
215798
221695
4381
191034
186687
158810
191032
178106
138462
224411
216452
211106
189775
213203
18511
171975
198426
167431
174379
112536
219391
145909
167664
194795
142780
185255
209616
229480
168913
177493
139722
47977
137506
156689
200236
198372
135619
172285
114764
146475
207472
222946
169611
200302
139539
156001
152820
101999
138426
192451
186869
171321
162829
6122
229591
184270
199503
193651
198904
20172
14185
2454
164376
224842
139475
220872
223746
177793
226508
194999
202851
151971
213349
7708
200374
164973
169093
134777
168983
52256
1747
147915
45208
53023
199864
41705
156549
116745
198276
6803
11056
106560
190502
204127
47096
50949
183937
50398
5112
220665
148770
222636
196876
105430
168488
185117
165263
188925
197242
192962
176261
187857
152950
103288
188816
47638
198150
117896
149147
215334
189728
215380
111710
149612
184853
173228
194951
200438
209236
40899
179585
181438
170785
184156
163186
156432
205386
183869
53044
176527
49480
100995
167946
138807
139184
49613
146704
187337
140233
167098
215212
219914
205158
138667
155539
169169
192904
146660
165536
208525
164103
230012
180724
222729
203257
193346
209764
58
159047
196898
183391
188161
205752
184484
203266
138129
225653
190738
182888
49479
167954
11944
206096
181106
208128
4105
227538
208670
184480
107651
165857
226718
192508
219789
186444
165195
155973
152909
176997
107647
215925
206379
201438
46826
20250
47014
220093
196070
193059
30540
143292
200155
7947
7455
152139
210021
45002
226517
177390
193408
212002
190793
208387
205572
179537
205990
184469
189498
202126
229901
229742
146984
124631
3041
178365
175835
193431
138673
231285
161648
215511
53618
219978
203747
135861
203216
156519
225657
173432
211499
192596
146318
192499
168584
53619
150414
52270
183064
177638
50920
203461
176029
171636
203669
221743
210118
18073
196814
20176
8219
229327
190356
181267
196899
18766
171313
188809
139094
168662
210304
204308
190630
204396
215618
8048
148720
168317
207451
150565
150451
105409
152317
183256
188426
162365
190633
192883
186241
192081
215553
162997
203303
171635
187323
192306
194988
146672
4633
150409
7512
192369
207456
153084
153185
193887
202413
180432
212911
155870
184475
190659
176007
213702
200104
135451
232433
229104
228860
226436
153260
146694
208520
210126
111184
208522
192620
188916
174621
190504
139974
222987
208389
137241
178009
205341
224300
176262
120061
14491
138984
190278
227725
123603
159421
194966
190021
142132
201
167948
194229
182638
168565
205683
223876
216440
172658
169934
49204
169938
189362
214957
174551
110371
208927
138394
195912
163985
192629
146634
190264
193152
224537
140215
158802
188900
19394
159391
139459
7612
229062
36792
157508
199416
112888
158372
211382
196681
218359
135107
171002
190700
205698
197359
208966
156623
53042
197238
208309
200414
169800
192654
210320
189114
117385
174388
183909
152828
184927
197480
193474
216097
193528
188511
188005
191181
182861
205671
176376
196935
168312
213378
220052
18591
49674
170743
45194
140704
188762
214408
160578
189874
179981
191696
183381
205215
209512
206018
206281
210364
220118
169100
146011
5479
189575
162441
141029
184075
150024
210314
186942
192778
200276
161793
214387
205588
208022
204901
146969
137578
48758
216201
219505
225523
171017
204525
196942
186852
51798
197117
200542
155972
145830
148557
135820
125970
198908
200735
212445
205985
163339
183409
192685
213490
172265
213670
223511
197781
194728
169725
193415
217699
193796
177151
168984
140544
203435
177139
184873
188689
201119
198148
222321
138704
231633
207740
204522
192555
169057
212282
168253
192509
185309
168600
212230
224202
143073
146577
203581
183400
185148
212267
16619
146952
157468
34521
189034
195001
112552
195395
155191
215477
207409
10133
6016
209518
206238
173521
213213
193505
191198
197893
189019
45702
192720
181458
193141
204977
181810
186589
168651
146701
146759
208017
164770
193089
201139
198286
206393
164851
213777
16845
16334
188246
140607
148138
199718
177398
197860
226877
193780
180400
102652
182152
205602
167194
229739
176210
28735
203042
218744
193942
184490
189098
169706
206517
211537
225316
220420
199027
183465
51383
189461
4173
211378
196144
197243
179620
163990
146500
197777
150680
159175
134688
198428
194947
176628
219565
184444
189000
147007
210233
105318
189459
201199
145257
221269
205869
170871
204354
202841
222922
198269
186238
189059
198153
207633
187498
204251
205975
222266
165078
164994
214882
183791
204381
210622
215581
229973
156259
201112
207516
155422
201082
165748
219768
153004
215584
219701
214895
203487
231150
137126
53034
182887
11642
192604
186130
194018
19292
213740
184042
186152
50959
200630
38670
188260
186366
171972
188253
198489
45074
139555
138412
162981
162993
198710
173546
172208
163396
189869
205569
170723
213642
171906
53644
5467
185057
167833
4999
170632
157482
207798
171177
189148
194998
169641
200936
207514
53496
208830
206565
231650
220570
181250
175671
198914
190752
8132
184323
193115
183220
171555
200389
167413
181223
180922
175990
126925
180896
50997
167306
186835
27488
172871
184925
203450
158385
186456
137449
28233
184283
205699
204420
171790
201217
219979
226599
189111
204229
202849
166185
229500
201450
168530
182738
218033
217338
187046
150278
212538
112244
148751
169509
223306
223307
190698
202061
205464
53652
205326
159234
219948
197831
220182
2506
206563
53103
200292
205321
136766
152514
53015
139535
139368
170634
169170
199987
208595
193055
193171
220604
114734
168838
189668
190094
171402
146460
161754
139597
204672
193421
195361
174786
191059
172684
192350
175567
114038
45490
52843
49614
192532
157006
223608
202476
199757
171578
111023
178224
198735
210972
177610
142754
192790
219840
146753
191180
146963
53021
194329
1803
111114
1041
140017
53655
169792
184300
183527
100758
230561
188418
200537
189415
204264
158851
176480
223669
220150
50892
120304
216451
193459
8376
183975
178006
213868
202547
198828
177908
1742
205343
216793
189259
105308
169400
189261
173483
5566
225713
153275
224970
3189
138670
205402
214947
186591
4110
192188
176693
169171
192317
149086
45453
205473
193840
221986
205330
193669
1595
158133
213991
186805
188086
177653
189510
195363
15999
202201
7932
193944
183939
200759
223117
201377
228753
28050
53630
228241
176137
184482
215792
170288
199665
183513
189235
178139
101749
805
200157
208029
208514
198006
191259
199217
200588
207593
53660
178416
52735
224422
4732
116938
150675
157300
220178
175613
163530
200180
150550
11495
182228
206597
208164
112316
160766
139860
150594
183916
168294
200994
167936
183283
214622
112253
228876
143421
50542
179855
49076
112847
123463
162364
51578
209267
167654
204878
229969
187056
189512
137692
190778
165064
45352
183907
2164
211907
177128
4985
222411
1046
202562
144653
157582
184543
156170
226853
200882
188753
199639
44897
202515
202459
132740
138089
179646
207494
225961
221330
172198
214991
134602
193165
142966
192457
160310
52904
146536
144956
173414
112778
205995
210287
228738
229319
214046
39943
137362
187339
209314
11260
14191
171933
135056
186849
28223
134779
18760
212947
202498
122660
163393
193196
174808
163793
213317
217313
178249
181238
148130
162049
111198
52079
187053
184148
183339
136363
140384
224221
216524
176107
199982
25924
161646
224309
192788
204778
147004
214878
223818
172669
8276
207818
189221
193526
213705
210514
158485
179874
229473
159447
200796
229601
192530
192339
149126
193808
212814
183374
213751
140284
162347
229406
190244
229391
138492
137487
139086
199254
192510
18121
156222
213557
206407
190038
183740
220605
210533
220127
222832
139073
191294
176459
204731
199892
200349
215330
179751
45186
53669
158439
188425
200380
3235
202744
889
52128
184716
170218
27
150724
137783
165190
156253
203048
198624
158420
204713
193337
228279
188625
102488
223904
189021
197061
156038
195668
190207
192357
211322
208004
186392
198649
158346
208123
215690
176003
138193
208020
47092
228004
189711
167925
209701
204510
212570
172141
186812
107320
199774
181694
50955
162893
2155
200105
49468
188970
194953
214026
156384
191076
198812
181499
2116
188586
202087
183490
229064
204082
12445
126463
184387
190870
29488
189177
184847
199602
212486
203977
207815
210881
107528
3484
164477
199866
149310
173535
51384
139643
163600
212516
156672
203574
202800
139621
13732
199522
52826
202456
49425
158483
185068
224983
178363
210455
138726
199728
233231
44900
2392
184434
201146
201999
200539
203929
209160
45139
169748
142822
208334
208805
210324
136110
52115
172553
197813
204615
45842
223550
189576
194706
176769
51424
231873
213520
183605
223947
184312
49678
142762
150568
209816
228294
220128
215322
177569
199195
170370
184589
213331
50509
163619
183546
183422
13144
176530
156542
231408
199764
171399
169069
198970
186389
170472
171995
159043
182878
200298
223816
189729
229845
142783
201982
112472
110376
162890
194349
169850
189338
198164
173602
138436
178141
50641
492
202379
165816
189169
191025
169609
169943
189165
169588
189548
222943
191566
100940
136775
53462
216271
51790
193157
209691
219681
197756
190239
206306
213318
183711
193658
229849
137987
207537
224526
214924
173642
198909
204935
163370
206558
179862
207872
202198
183480
201519
169158
189332
198198
146744
188669
192707
170919
146747
199575
212121
205540
186117
183564
199422
208681
192359
208598
221898
202160
204163
142147
157982
208023
178691
193467
146462
182646
220184
221749
10540
142627
223033
154472
200295
200519
20166
214168
199674
184611
14501
205498
168363
194198
231361
222875
7814
139862
27107
210010
172152
212755
139701
190358
179898
172685
190143
201096
135613
111093
212310
188164
2769
199823
192238
3790
192463
214930
171502
110019
170770
179935
171791
3765
211688
216460
40702
184189
152912
182744
178523
219411
52827
112593
232209
143029
165788
202069
174731
216475
217196
183354
159171
110082
163026
157682
210868
172077
185020
9593
189121
233911
219998
110272
112478
3974
8798
202608
150525
191992
195687
201893
210111
212442
100330
189250
189521
143121
196881
157957
153857
162126
155798
220132
207877
173608
199490
227990
176038
208908
190430
211233
599
225100
206313
35713
183229
186562
204622
197930
162470
191167
173549
209818
203308
198118
183593
150508
212622
185422
198704
219833
193647
186543
189572
227802
144588
198504
200647
232350
211671
10866
167430
227833
199739
164211
212889
202541
219958
210214
220408
231002
196220
176237
197166
176586
210585
156776
205069
203734
176546
140392
207448
19896
201509
194730
171992
193082
214313
193735
143157
220766
183969
203671
115768
185076
199151
178088
224045
167666
170579
179713
109969
171126
210513
194519
158216
147305
201953
164910
167305
200752
46042
189391
145014
10764
188135
146760
134597
147010
171106
158806
135845
112549
110301
222094
185019
197891
216468
208157
217565
152791
210892
137461
103933
163500
190641
206004
150898
194163
229196
200255
183965
189606
212194
23312
202166
203379
179609
212192
162332
193313
204307
229907
200503
212169
223340
168930
190664
177520
49212
222028
203542
204637
201482
23641
177874
112384
217287
41824
156726
183921
163804
158271
182166
176482
32648
226163
116952
176712
210420
50429
36659
136187
135294
177831
48717
178103
200783
136126
212574
48722
226677
112712
135435
157364
192427
188013
189462
199653
194912
209948
210248
189224
220269
212578
106055
189446
182343
217647
190875
193579
5533
137759
204366
203875
187683
151896
148875
169412
17535
7939
171870
152840
49676
231823
161841
228760
156092
189527
216500
207790
6645
47860
183245
188395
186895
205672
53555
190066
199590
204022
138449
178056
7142
192817
201024
206141
201284
184785
52401
100326
182627
190732
219702
199762
190547
177922
233222
195147
217592
150441
52646
227217
183341
213211
176636
190915
211194
177131
199169
171201
204860
150645
187789
199474
212561
198584
143274
105945
200534
166851
181557
216237
175911
202857
165153
162329
228423
177036
224198
156256
190499
178132
229071
205193
209533
156289
173395
209859
15711
49659
193331
100803
144428
190120
229492
212398
227185
211408
215310
224301
134746
159017
201266
208102
163587
192768
190649
176572
212881
202191
183452
221425
181339
138373
178414
172843
176048
187515
186581
51366
149804
45073
120297
178593
185226
194174
225719
52031
152469
183142
193561
188284
163476
203846
178059
188580
231966
138537
158394
212240
215639
213694
20699
201892
207624
51725
224813
208783
162222
169181
203883
140355
169394
204105
201368
51353
204627
175934
216266
139795
209443
155835
212819
158525
204247
178367
47020
198819
205075
205256
191077
229260
188807
177935
11918
192985
189386
224841
149667
183393
193411
139343
223214
176600
198020
152371
210586
194202
199163
188352
18422
229190
204392
175966
195365
1731
185426
208127
192643
201925
49012
110879
224933
171984
205681
198949
207754
210625
155884
183750
175314
210009
139527
44991
172175
177712
163226
199894
51394
179612
176766
184474
2587
217118
122656
138244
173513
228357
206538
189712
138247
211484
190868
140119
225450
188943
51550
183479
227446
45455
223223
223227
193674
200846
192641
200610
209997
173909
2172
193041
193664
186567
191096
136764
210439
215528
197220
7833
197374
204968
194505
197231
103133
190942
182883
186115
210424
205313
138784
210046
226491
186345
172939
13349
184223
110691
185073
186684
189860
204624
135891
49945
31831
201949
179917
219970
213345
225669
134828
194364
228832
148803
191625
157819
194171
158675
218740
192984
45167
152356
148898
209293
184171
203884
229599
154442
193747
186761
184255
119152
201169
211621
226128
183559
186274
182053
203980
150026
192774
183483
211544
202151
208348
215583
207538
137763
203127
209294
199568
231885
183327
49045
100806
108583
213567
151515
49992
226857
224872
139262
181785
204486
200532
20794
134785
172244
185306
192129
210386
218054
204448
182130
201769
141286
171133
224763
229696
211087
223113
205745
194027
216007
187983
214889
210422
205174
155289
179059
174669
170124
155787
154725
223624
212711
8998
139751
204311
175146
186832
210871
122445
204316
186158
209925
202802
201332
219481
229930
166844
170877
186598
188377
231747
184477
222101
199074
196569
170809
198517
193376
189944
184082
155407
7743
137862
158151
170903
13131
181404
177457
200505
24717
215691
187072
199833
208153
177408
149923
227766
191061
230107
163711
177373
156681
172143
194053
214071
231493
186260
172082
188930
190572
199038
177762
117096
50894
157678
50538
100391
212933
215969
200076
206269
165229
116411
120306
190500
188268
201510
216218
212125
178115
212501
176815
184009
198133
172610
202783
103938
198213
207439
212141
172111
144511
179698
221629
222741
193416
168353
142781
186818
230027
199396
207421
224286
50752
215277
2062
17881
53736
50610
169607
186904
164008
205311
193357
11785
139654
169112
19202
118359
51655
172904
164766
139578
198185
172059
202539
163631
196921
189039
192561
205641
187768
205976
220685
216643
186324
210471
199895
206635
46154
130687
229906
188182
163766
177057
156167
140415
200376
19463
202393
209658
232643
155537
158804
209373
204130
190582
199172
211437
203106
203745
184344
228186
146695
168397
205850
139064
217203
212208
153087
194127
193442
186351
184202
184237
162476
222492
203763
163466
185400
7849
186272
209988
208169
229153
232659
178212
213134
211103
211504
221178
172960
162234
188154
202173
223395
226439
221908
175316
205231
188157
184014
163995
201346
169710
203245
201428
189456
171971
232668
213687
219952
186424
186449
19724
215638
104296
200758
204275
162315
152723
222979
200538
188375
188871
184031
148302
198003
207924
180695
199464
172695
187334
233502
207832
173349
137317
201041
171742
184095
1677
41634
158023
105314
8842
206220
192310
192090
164878
204128
215051
142707
192963
183376
202708
170915
122649
192682
138713
148872
183973
159147
192997
179527
202002
214717
155852
183925
169134
185135
189436
149290
203845
197926
179901
170320
189893
200112
198219
209407
204699
216076
228251
193262
158455
3216
201049
134956
193468
207497
203775
200797
24860
223976
203521
194925
223070
150447
3912
159370
185083
210373
184461
198175
140468
205529
173204
137427
155222
102084
216139
12514
199776
7584
172494
205553
231434
173146
186845
170642
212446
219584
194753
205406
224315
221640
138918
219758
185163
188949
178477
23015
222355
200774
138977
210538
222773
173891
191488
203903
205632
142753
183177
158963
215650
224335
178051
200458
215559
220814
190941
210556
176266
153066
203244
200949
205633
51256
199354
203038
184252
209749
213097
227234
184249
208618
210363
211195
202486
227708
142750
165825
161836
207441
205063
192362
202200
10584
203677
47529
139249
107715
228873
177481
231102
49472
167499
111712
183905
1551
192333
45517
138066
178076
203789
151816
5645
172475
184339
137196
114555
953
191011
208185
178470
204539
183224
136070
198706
174737
224077
2823
193866
156233
176455
136194
203863
176668
5589
192493
20776
16
110856
204676
205590
137242
205425
172654
227938
205669
184442
199110
20543
200434
176902
187516
199585
155813
113381
212451
172613
219468
176580
148711
180359
193353
180826
205420
148403
185221
210703
205556
226107
206304
177003
195396
223589
205005
227932
227562
200433
135893
176841
121988
187878
150516
210019
200469
47690
195258
156838
45456
209456
177719
192961
193304
164835
153148
188063
165667
148470
148487
224304
171601
173771
210416
189908
106436
201013
155671
188926
105533
204999
192319
213816
162313
205988
163351
226560
50816
51850
186879
180405
171774
189805
229407
190311
186719
230594
156544
2147
188272
163884
187982
210000
176384
105898
200086
157698
205905
205480
200461
189085
201080
148764
185109
165673
219453
189710
139852
189383
152046
167506
190403
193949
207881
208437
153048
52058
116812
178177
173038
177485
212420
181870
122040
218339
219740
191687
135455
167683
49684
51651
49919
199584
189938
192597
182126
181098
209435
177017
222737
134809
223830
229641
5459
183362
164977
193867
204992
228824
41784
183285
190195
224967
191512
53775
217007
187084
190635
190685
190696
1235
170456
20212
108836
184807
210286
198683
110291
173178
146953
172594
28
159583
201295
192324
8293
186430
229237
113343
178599
176264
51114
222724
178412
159274
178109
177533
157960
51021
198068
190666
176903
139070
188988
145159
189553
170346
167495
198063
8963
186499
189734
154634
205735
154250
192633
193420
13119
200283
206545
146564
7656
169053
149866
181560
200798
2572
199722
147455
183130
198141
52958
185214
159506
19704
148814
138384
216225
189184
203133
192766
138972
203456
135149
166838
47691
170591
210583
163779
173179
188844
198147
193889
216386
52263
166919
18704
107103
164495
192448
158196
210719
200158
198079
193679
164581
137962
181321
179891
144055
11427
179629
148808
150514
189234
194669
155408
188802
139700
210613
216247
164650
164493
1184
183188
204250
156271
216352
176930
188992
216373
23330
167962
184982
137310
181375
171789
163005
200395
189996
168411
46847
205340
176676
180334
164345
189905
211245
213855
154738
200970
199761
162267
148486
228751
103578
150176
188724
176211
216368
228921
148569
187944
136170
176894
176966
3455
231967
137160
172835
193345
220834
229496
211354
157795
149165
200110
123576
211438
193850
150415
6338
201529
45462
199173
192071
201502
195272
45122
1099
122361
101664
195723
186307
218734
158227
198113
220782
204898
116629
104053
170653
4832
177844
190004
199840
171097
199726
158994
194083
188975
183498
1222
199964
102081
157727
188350
138878
175715
193092
177805
149218
165560
157716
192733
216376
188616
158912
184287
190745
184142
216065
137854
108658
190667
224109
172870
199767
199556
114356
159499
106686
172112
192638
162951
138880
179624
156959
149570
143107
192786
212692
186568
201862
135866
163897
212572
177823
2799
176733
189306
211096
197918
53785
189328
187916
176680
231677
226414
162048
171877
6083
137125
106202
153014
181262
106431
165012
148771
161807
189902
212628
173857
205522
158217
142959
142705
165490
143119
135745
184949
223224
186825
170565
123629
110811
186627
201276
146621
224248
204228
17386
157432
8722
115823
177996
190283
12863
192789
179565
192318
150418
216182
212811
164335
212130
181783
168381
170689
50560
175724
223273
229438
47680
192671
204614
206601
171018
208097
177896
24438
221897
216523
204214
104100
213573
49025
224425
178317
140283
172200
152961
148518
189007
208095
208306
105532
122118
51813
45162
162054
158524
169858
198497
157629
198825
170074
139721
216289
205304
157843
218052
116081
158351
11841
183789
53792
203555
118352
148817
51380
173659
152879
194148
211536
173695
208041
181465
684
169445
170630
200318
19765
8772
155841
109910
139871
155984
189354
184200
2518
211574
192615
229317
204336
205855
212973
179546
204651
206302
167634
199466
173529
139616
227150
220121
186689
189715
161975
107794
102356
190549
201539
101875
169113
46175
50995
157617
169345
107758
189776
225564
104742
53804
194913
206094
148645
148822
224980
140947
134906
176944
184704
207865
171994
215678
207741
208461
182145
200314
111137
51005
215609
205927
201189
8038
151891
13132
187514
52998
202803
142550
120339
211221
193290
230994
182495
51512
134979
180931
184040
51306
177666
201922
45202
136834
205563
184037
204044
211791
135069
181259
13111
52867
220205
194644
193516
184472
170051
17964
5460
229662
155956
166706
189113
144086
137699
1611
152745
186331
155906
30325
183706
222994
203979
206440
170231
197031
176801
222493
227675
188385
161644
170814
200122
192557
223756
190722
193062
211453
190243
203976
188877
201955
177016
188016
177346
13446
53055
203633
185144
7467
1210
137373
51730
4596
182309
104059
5203
137232
185120
177341
202120
158396
8088
192612
210443
181264
198331
1678
207410
186547
212449
175391
227879
165070
190529
211622
192955
219275
212292
209454
191184
207905
209413
197961
216172
200861
192967
200079
202788
224014
222329
224302
202105
155781
203592
209329
228414
208104
209621
176495
207885
199005
210532
204185
11083
183491
210255
179896
228351
806
117094
12326
51123
171248
177482
200149
184291
158626
201523
183820
184084
199378
156722
199721
220847
188720
195313
204157
177326
138753
190490
199392
186650
213113
40863
143068
192838
174549
172113
202424
214977
229482
221564
216652
186553
159028
188042
219985
150650
205362
225262
199242
185118
193856
201363
178603
201877
191627
204684
202329
169465
201417
167919
151184
212118
163571
180726
215565
52964
186395
218659
170169
205363
45605
137207
193974
138892
184392
215401
1539
113181
137145
198712
215982
216409
183437
50579
203439
2208
162982
184584
167694
210663
50529
11381
102587
186139
212465
204324
138413
195033
119516
199633
216791
188166
179840
207724
53827
50713
101496
207862
170748
182741
52498
165435
202115
192567
158624
41725
192738
193081
172568
176246
137380
206058
193338
208940
161839
198009
205089
198348
189300
206402
199641
204155
179686
225348
45166
232310
214434
187800
113045
187324
163011
209323
138957
51101
137438
163972
139691
232665
161938
212943
45461
229741
49485
210787
137486
192370
211327
201399
47961
186611
153177
203434
203767
216230
226686
194050
183574
212150
7514
193404
182945
1565
138806
183895
110381
163231
169804
192608
170830
210277
177883
212607
201136
230690
204513
193116
168996
192725
192537
209301
223594
223955
186638
206511
226168
200916
227647
122723
216497
153184
182862
193426
53405
194190
191648
175092
156434
164435
220131
177126
204077
218066
176846
185179
188600
177509
184089
200967
169432
188765
171330
201845
207745
157701
143629
189595
124635
210742
134627
216210
188282
220650
202556
210462
204816
192754
148298
204902
182713
178047
187898
216280
176635
176481
196801
203682
223901
169721
123586
181298
158
3647
138081
155887
53832
21146
53834
137114
199980
158030
120312
204136
223265
18886
202532
50516
140975
228766
45674
150417
122593
208159
169451
131388
199439
202533
7610
200138
219448
212120
163352
162407
209502
207599
230691
140451
122831
186900
159240
208180
17635
184501
172561
171831
169447
163201
139696
6720
140085
204509
203043
198634
218363
200120
5419
164839
189448
198017
177709
53847
121937
212487
186500
45606
49073
722
213460
172868
53842
138181
198266
114543
183741
190717
224256
189013
194059
202610
185038
219293
190079
167308
216746
201083
207904
217590
215582
193555
214884
164339
185010
187959
220511
190623
181268
201035
220911
200346
150249
168459
190011
139843
9807
190535
179973
112396
8348
137677
189018
205501
173770
184331
184519
201914
163490
138901
149137
206074
113219
177958
137519
144080
171098
207961
199277
184614
191373
164876
204529
204506
177367
185211
189115
195362
7306
3813
201145
221642
220831
5060
182772
107305
228980
208782
2141
189779
173325
110677
110281
189067
224890
177939
159487
172325
20779
163008
146974
139066
178322
188840
205921
233460
179942
176490
178189
8210
52849
161861
210555
192635
14498
231545
178746
178007
229494
185194
4006
53501
216742
230982
148108
185072
192128
230564
52340
202607
53410
198511
45534
47003
206626
176942
185288
5818
190671
186637
53013
207739
215603
215698
200425
183404
207725
205603
152741
7933
209984
110984
146937
45119
190223
110961
172294
110979
230142
146111
146486
185132
53849
209662
191002
184220
170771
47688
201144
178111
192840
183784
229782
143666
178074
187361
181199
232363
183732
176040
209643
172858
181483
173440
203442
176102
162076
127747
208162
164962
221838
200073
163297
183918
161781
195088
201183
178383
221354
204512
229167
192373
127689
225114
136161
216741
221694
210694
199566
180206
179560
168609
188599
203723
189490
189751
224314
164380
209332
137188
188876
106850
190245
199925
225013
29881
11141
167516
206254
186119
199676
158444
111016
216220
192217
208459
183936
182435
198621
208878
149097
185030
200235
206591
18126
190731
45504
34663
156385
177643
183811
207645
167985
53004
192844
187221
189248
163792
188251
208168
216277
178201
188556
197269
215942
213051
226356
173033
216444
212784
157393
223285
139755
224187
209331
124981
169765
207640
183829
45707
208494
184010
201359
200178
200305
186824
157723
206590
220637
190057
191069
176757
205243
146058
190220
100954
177802
108964
168293
4667
210896
177358
171783
105338
204904
192728
200857
157528
140535
45104
46857
175991
49192
45587
222475
209831
180407
216820
212740
189849
209483
168630
188833
136790
138334
158127
106762
208386
174805
162240
211591
186362
148621
185323
211321
205654
231344
187004
227536
188623
183394
172124
193114
177703
179627
213061
209529
20115
200765
144589
183151
206624
208498
220253
192439
190981
169454
209372
178679
192673
194178
178374
45362
148627
188274
180365
215450
215914
223870
6591
192126
213296
177525
183526
216594
209473
183519
148581
202142
200724
212183
177604
226208
49051
110297
225309
122428
198785
170991
216037
175999
202054
171919
198861
158375
53548
139068
52682
219907
139883
117438
193195
208920
189403
184467
163363
173436
190446
184158
207866
201405
198719
177893
209912
221355
222060
190456
186588
200083
183730
218474
171190
202458
184239
173834
211784
176035
101225
213514
164462
202940
15304
4155
163207
173735
169329
223802
142595
51159
121193
222598
189303
189741
179708
193695
3078
20772
229571
193198
191202
201549
193714
225028
188131
140601
147477
3721
140609
190501
191200
194763
194203
203211
178264
146692
224194
101015
146487
204341
194404
198932
210302
183556
165272
185046
190871
186839
194783
173666
173656
178430
198779
204397
269
184515
200698
199510
200301
162335
193440
199507
172743
167706
172470
245
34440
19773
184451
198623
53869
51321
205431
186191
193503
221491
138829
158859
157801
200536
193488
766
1173
205548
170516
227918
201299
4724
178014
137350
205934
138971
161969
173165
190330
201858
185060
221930
965
148060
156216
200108
199852
183871
178466
149129
5809
111234
45744
202035
177537
212471
200197
139038
212878
201073
220783
41615
117063
178502
158627
171830
7738
142619
184144
12489
150668
225117
206249
199897
198868
197225
207715
158435
116491
190332
165234
188829
165493
192366
199393
165501
18122
150647
135915
222828
199381
50908
103735
209381
173160
205496
224232
183365
200507
208659
212949
158799
206010
205235
184632
138585
53578
201302
138831
110971
215464
197775
135587
135032
182763
181866
185438
192102
172862
212977
212190
175962
221985
157597
211466
198611
227693
186753
185431
222016
215466
229481
183387
182757
186802
230094
212205
189724
221016
167515
178767
116620
192775
210947
150032
204823
190451
228962
184154
135567
183704
183580
205045
180339
20388
170801
113524
202193
206317
205815
164080
228243
233472
201841
52090
16177
224095
183982
199561
208818
220061
227885
176257
183108
190041
229032
183573
192098
7912
137690
199890
178684
17899
210557
177137
4205
203619
207996
157954
179884
197062
220630
199448
217546
163091
222533
20205
170797
221994
5679
192329
53874
137494
225530
165199
201004
217967
185195
144492
203786
211990
215612
185427
204436
220314
202934
216688
203624
111125
163664
194837
183141
190432
101282
202101
176794
160770
172640
189491
204612
156545
206247
110550
169221
207981
122124
193698
179903
198638
193439
167452
122048
193349
203455
228979
10684
137464
201016
208777
155837
205323
49441
117062
225863
1777
139786
49161
5279
5965
167685
178509
216156
11535
220175
6550
218745
152603
184412
116335
20933
140550
50958
165232
156920
24851
172271
162210
139224
8753
152739
231483
187702
190824
176280
188893
208620
51760
193201
185239
188038
222148
181175
204939
178522
172649
177781
167646
226790
211099
183497
209965
188407
159581
199576
204677
164028
159320
9771
184136
178576
20572
191256
179752
190149
171139
212772
117022
110842
202944
146501
145651
190199
173030
167435
144429
224324
188152
200512
215367
193847
192239
216390
175462
210411
162408
203399
232529
219767
181452
190658
614
231443
188935
195836
228747
208045
203930
193878
169898
171587
165226
12265
190357
191044
148741
166779
10959
198199
146450
113398
198863
176605
173434
162932
161709
177401
189106
202558
199387
210950
226456
199827
179591
204526
135606
206546
207431
215079
206654
170964
158089
223284
211016
13042
178535
222944
183899
113569
200055
198950
158088
146076
142784
189504
201315
199594
112875
207742
190642
140453
189562
197900
3492
190355
172882
190084
229150
116479
137130
137206
1178
170739
46807
6800
173212
194990
170307
211124
229270
1109
149572
113220
49657
137397
197759
210527
138080
204450
176479
178250
183553
168961
190540
193475
177765
148337
190792
116655
158861
15704
47692
45577
1517
199512
5738
190765
193344
223972
137214
188541
206098
52091
193639
53884
224259
206534
204496
147890
169530
167695
223217
217890
177105
193072
183601
193896
167237
198077
215526
228568
19140
213697
10824
116609
150532
105342
7391
15982
205084
221982
170742
186190
1419
210280
15709
208114
178742
49574
232555
207903
219762
219700
174670
216108
148544
211667
207902
210430
48757
221087
182866
226435
192242
178031
223898
135018
173660
209969
149153
27544
169184
204355
45475
4323
223115
212946
189110
3264
19351
51417
47158
169452
186386
9006
202619
211707
173654
129566
206218
204211
213739
195864
140507
53899
159490
13914
45708
246
221885
12078
148839
169579
201533
187858
176960
179876
222762
187961
135434
164256
216531
211014
152782
164233
163072
139124
117893
140222
211110
120202
205186
184401
229498
120761
168962
53525
164849
176489
210679
191052
163010
159382
20665
189587
183254
198479
204478
203605
194859
180942
6235
138986
137011
147042
193767
199220
186882
190450
221913
210428
209418
210696
186630
100574
223777
105827
213404
165033
219661
148526
224063
210414
204687
162275
153222
213449
105833
192361
203568
221970
210592
219258
186823
1221
206222
184869
224019
218988
179873
138934
161973
47615
207929
9003
213346
175379
157479
200054
200677
17887
227539
191725
199848
13117
178625
146659
224538
176762
194224
8214
230824
176491
192252
220765
177945
145269
189505
20490
211119
194061
159424
219181
193870
30458
218047
12666
204332
194020
182626
204467
225187
193749
24630
120533
213319
152996
41378
53612
24932
112560
172233
202164
233223
198195
51257
200585
35491
33335
163480
189799
53071
18739
170446
152618
109724
4353
49221
139756
54018
137671
189217
190854
148818
192804
16005
28157
210488
162314
51358
171805
4083
48940
190873
102129
222709
205713
158933
12766
163261
53914
194957
171690
181307
211872
249
224376
193311
104088
52846
116959
122718
204690
121939
212187
176427
229701
198202
216186
8834
189242
1647
188772
47702
49966
203105
41635
211515
181343
223668
182432
177464
172199
201512
142444
146688
9799
188567
213648
198196
205578
208324
209781
193161
188383
177152
216334
184099
49920
138885
178389
205812
17992
105834
155657
180430
199684
183233
205813
165156
220607
186586
177920
193087
121945
172002
205901
217591
210406
222364
199228
158905
186100
153934
197965
233188
139385
194201
176731
220079
218746
191169
190716
225850
184836
204886
183453
176024
205811
212138
155676
223305
165648
189240
176094
52050
209503
225584
179794
184243
157888
20731
162896
208808
174009
9656
110317
208629
5138
182628
5336
205188
156275
165314
163184
210372
167397
229758
141266
189569
185051
138461
178518
195087
53765
141092
162265
165615
209417
204255
148434
205639
194997
164909
171067
216547
218936
217544
221911
146003
183257
209896
178571
195838
224655
198743
194742
204682
159167
26709
199205
200984
165586
193359
164102
113399
49461
187598
45574
215662
140082
192397
210342
219610
176207
194333
176253
179051
182844
201132
188936
229981
165724
203558
204078
144622
184320
169495
198223
159284
205691
137425
168403
208384
186817
45435
201400
168607
205951
146702
140620
202652
221120
188540
230037
179783
177288
206109
152211
194858
184943
199667
202124
211231
218654
223290
172850
136839
224196
175749
193056
211999
198573
202400
209889
228589
204493
198212
184423
19975
47903
201535
186941
181445
167599
189431
157305
207997
157481
146743
146453
195002
203928
186680
171579
226285
204838
199101
183249
148224
198614
201537
213430
2264
45661
198240
201155
178084
165269
143674
221456
226563
225908
225462
172322
149077
218624
189768
192560
120060
200130
213313
162328
228874
202024
179567
148842
199625
193476
112352
168965
5594
207412
152825
178328
176934
198056
176771
169195
152993
204738
199663
230767
210258
210537
220673
46160
207747
112365
215927
121933
192205
174360
199698
184204
187620
144531
114275
108061
213833
184967
142313
190517
189717
205053
211249
224115
137267
204555
209469
157970
156383
192534
3622
142137
20209
172652
177993
205077
212213
20644
178152
163036
210862
184139
116197
2742
219677
213516
200506
211176
146305
202472
212014
157271
140035
53797
210243
8631
20775
4086
193352
138299
226626
200111
152718
157687
135718
209467
3081
182736
51781
216732
168365
137138
210880
216067
210833
188506
159287
195370
201046
212210
174949
49223
100578
4111
138251
50385
201746
13890
53924
157606
19655
199049
164036
208391
158268
165230
155524
194113
209990
183920
202465
175676
11595
163626
198726
221521
2204
222558
193095
184203
13879
156653
148638
199538
184457
228644
189152
179971
210384
212269
183481
184639
202182
179695
181734
7289
150656
175932
189817
204485
193673
185307
155267
642
9758
205369
15708
27487
177543
185108
53944
195
134968
330
182440
215420
44877
189936
178490
224015
223765
212023
164579
201884
202251
204144
167931
158400
101880
190076
137785
219652
203543
155018
190983
210148
152588
3801
188545
198193
109727
227936
193548
176442
225152
178485
222163
1605
155946
183632
140026
140521
204137
178211
139036
4495
178297
217077
158718
208638
224316
139235
1131
193241
146458
201942
212153
45754
134895
199559
173600
51727
193061
193691
216534
182896
146758
193361
173334
7604
206651
159172
138920
186759
163097
216104
183666
223697
184896
224819
222524
203030
183318
208462
208451
214066
7826
192381
136144
183436
169446
137481
209377
193661
116308
49006
209385
193143
196830
189040
224825
200109
190604
8243
198631
224201
219576
188919
165755
192262
212616
158685
202445
203810
231866
153205
152999
229683
198138
175813
149231
198329
198055
231041
163033
150231
138532
178707
198140
186674
53353
207732
193985
17891
172656
183932
7870
173126
200231
47854
199168
198989
141284
163187
28060
108034
222513
52941
225439
163083
183819
200107
213586
184575
178032
178251
215313
181435
181456
194717
176106
192722
188653
199781
212519
51646
100964
187991
11
208295
150477
150677
184190
171392
189117
206431
229616
223997
194080
138460
142950
186296
147614
183155
2196
8013
171721
156585
229947
207923
211685
192505
28230
191101
229061
171801
159051
179845
193839
168585
186148
231685
137767
188070
150472
28130
200881
4864
150949
229497
184633
172555
134947
164132
209252
211849
208959
169126
204277
25798
179654
2837
139347
167836
170027
204322
205254
212907
199189
210894
189317
193083
173682
201330
14106
162473
140497
177566
169479
179516
163070
158522
139878
169978
169106
227700
10704
14500
171083
177752
138463
228817
141317
211101
215199
198512
115909
226637
18115
205524
211022
172691
204138
192156
213666
135775
190779
224293
48826
142447
204523
190156
200390
182632
188103
148854
216778
113419
215399
110774
146996
169348
135073
224149
229475
156721
141091
187942
171273
167974
5208
190370
205121
12371
163076
53401
223625
172659
183518
157955
175579
175580
178005
169940
199401
164850
199085
210385
189748
206011
104389
231969
138239
13867
162886
157379
148960
178283
193296
51455
209299
10264
178415
188388
157301
183774
169705
213884
195059
178255
201084
207430
138246
186126
157372
208919
241
189218
184071
190683
189687
190180
210392
194847
1412
156676
215635
169596
170039
122586
23466
220763
163517
203069
179941
202053
232294
204194
226215
220188
176062
208722
228704
220621
136762
188845
179563
204289
137245
220172
186724
190510
211173
212258
646
201956
216814
137971
210234
179540
198687
204521
158232
211553
111018
192795
210747
158144
204737
227668
219759
137185
168326
5255
138903
168435
213905
169708
209782
159073
219684
19184
222253
179746
195036
198082
191151
192611
204782
184551
168950
19977
179846
201451
148979
193880
162835
165239
211237
175897
215651
208473
203537
142258
155530
116724
211689
223302
212637
189723
213228
194115
182818
210617
9676
184188
201379
219581
192225
116873
150810
203874
189155
211457
220143
205600
196677
190025
208251
224211
200965
15976
215373
148866
184657
9780
192898
204370
9002
158911
53579
217505
229900
188075
217021
169020
217731
190648
184069
196905
189766
190782
171289
183915
205618
158219
152148
227698
123116
175735
206167
146562
8008
212623
168593
204259
7877
200278
205408
2152
213260
189669
204050
197874
198760
189026
225715
47853
189209
189061
175964
183407
183712
111206
166129
205012
189211
208421
146459
164763
202633
178216
181818
190090
177979
201085
178287
198625
163212
134820
205061
152456
157804
33674
162512
157665
51487
152523
195057
205145
176575
155964
225974
8517
164760
198373
39630
169214
156473
224915
207993
180216
167691
35889
157226
210352
219814
177296
229547
187033
167874
152697
193726
199412
226243
214478
217595
176688
219272
197655
219712
182179
198386
171446
169650
189143
186408
165176
1289
184431
192658
227800
5485
212249
183568
164459
173300
165001
158428
193312
148423
204786
228749
199832
156589
138380
192660
177578
148430
187335
185199
200215
209452
189251
177667
1479
156149
208907
170798
204145
103783
172949
182897
6665
191210
184183
112243
205693
232116
208454
223226
5267
163369
150564
116762
175896
51105
183486
183735
208605
175243
169055
215441
167941
157430
216320
150657
165065
204156
164430
50222
183830
204701
53059
114370
210614
188546
209531
188427
145579
177572
189077
177519
188768
197853
169281
206113
160556
206227
162505
186737
223848
193588
197303
202648
194879
199577
199564
28249
204822
203679
182622
153079
199158
163806
111106
178750
157680
17394
104047
111643
189511
190286
192679
198145
110402
169386
135697
145595
224911
112496
198031
146715
192358
110020
149571
136941
155862
206652
223690
147000
205216
173373
178171
112515
184417
4505
184000
135804
53919
223591
224812
122434
192818
191203
135868
178135
160615
212396
216242
188428
12259
148706
211584
183145
192622
192624
169216
200114
215598
169713
53978
193549
49036
3395
204427
2651
20171
211619
157511
223790
139797
228143
224021
189358
194365
29118
217526
177673
184003
192227
149852
41233
166146
29552
192777
168798
207788
174402
163661
182002
193871
40898
177934
194914
204877
172648
209780
186452
53760
172014
170615
183379
181922
48098
231108
216158
172672
47201
221728
214781
189530
188124
4077
203890
163774
219496
178585
15992
50525
228244
206553
173649
53982
135883
213613
3364
151168
179645
188617
120054
51386
173426
227758
152065
153297
110880
121122
201965
207559
213803
167513
183363
202276
27578
198953
157741
189430
149598
137356
177684
137483
176553
102056
212443
103936
4731
177960
229625
198857
220048
201222
120270
196889
7517
202685
162220
216321
142547
202058
149263
170773
184637
142166
148564
165005
229000
187051
207523
183606
189476
45880
179633
209300
192365
134810
211381
184881
188536
224158
172879
388
213556
164967
173530
199912
215533
100932
181460
205391
189803
193471
137453
219790
172425
50294
40900
210404
227828
189423
183555
184837
177886
183430
178759
213150
193685
175675
138479
164458
204489
18919
111163
207746
183410
213136
51466
15716
205853
176790
181815
198352
110907
165109
198176
184151
164829
177799
170765
187043
137262
216377
213117
179549
209547
144075
184635
188946
189246
136124
205965
204639
198146
207531
11941
183987
205756
184761
177957
205383
123597
209660
204449
51100
102088
178091
206159
49031
202135
205878
142271
169820
5550
203794
181338
125586
186415
190813
177404
187076
32442
108080
213521
193097
169408
208015
203736
167940
28067
163796
192531
138755
188139
1983
164959
159048
6490
167628
115524
163699
224810
29337
138928
213456
6207
51304
28108
134821
157240
223264
2002
160311
170570
164009
152992
223747
225847
184615
155883
139534
213570
14752
173673
165321
53998
173097
181820
163569
162821
193011
171082
1175
158285
50763
11292
53106
163705
162056
167990
134941
14487
45083
193533
163955
200260
226490
53993
193504
51003
151508
170831
155694
190061
170815
164769
13743
28178
210965
163855
188406
183251
200980
140445
156973
4421
193547
1518
212401
183360
163209
187936
174199
199291
50327
3448
30620
52931
211083
193546
164773
159034
177478
44414
152693
192528
122574
190059
202526
205310
54013
193623
190454
162226
152022
152024
137109
100033
188416
172886
2956
223666
176202
219469
143671
162006
199285
222102
211348
190276
196902
202282
215636
51347
227945
164827
208673
153100
189492
54021
50723
217802
230065
222634
191980
185368
211815
123621
225255
180283
177522
202651
177458
188318
228999
176009
138418
51008
209703
200922
186569
213000
100088
221422
137886
41674
26992
11791
157310
49663
11031
169102
188397
204143
137080
205903
189010
179930
148765
188924
193144
209436
181115
205114
191388
178315
212357
141001
150360
186648
150229
169975
219808
189042
3281
224336
169317
227908
47976
161510
175622
199504
164954
183661
226791
176421
200375
183955
198449
5237
190362
17146
189792
189585
196150
210011
203485
139300
159166
221365
217877
17820
53499
221271
170072
164859
190126
186330
150189
227558
189509
189118
137810
49370
185000
165235
164240
204621
159168
203788
231688
112389
201257
211089
192119
197698
207824
45269
150443
186325
112246
1625
193980
202882
205046
200256
45082
190034
209316
229968
183356
194892
118054
202050
156535
202491
18785
171394
220602
208509
210803
204238
200152
188654
51264
200521
49170
188400
158657
201329
11998
193124
233711
179954
164626
208018
213565
45437
178160
176019
202371
189596
229155
179509
183792
210237
207989
158871
224834
185316
173987
135594
222883
157304
209644
193236
198782
209989
45721
203486
9273
182743
202746
193460
213743
193694
205845
178000
138981
205185
186762
229533
194979
211559
178442
212474
164890
188841
171806
4098
20785
162145
139186
165959
219809
200379
216412
178246
148863
30630
186503
51412
163582
17811
2128
199778
148811
209962
164633
16254
178256
199406
170597
229213
181780
163495
198261
157395
45501
164858
169425
53012
199383
17605
223641
183344
11769
200316
209839
101482
192617
213558
2235
169401
212188
223686
206142
222501
202316
177571
162229
184187
232270
202597
215930
135524
162515
188791
164974
227476
145889
13891
168401
204060
212231
201857
199413
180433
150515
222775
31378
191154
177475
207894
199389
158855
177100
184087
157270
204847
12167
190060
200754
190761
190962
204476
104319
195202
7823
189725
230005
157303
175818
183425
189311
163264
186453
148673
54033
211513
189387
136222
207928
160293
51580
107713
190200
204193
15990
163244
139728
223730
175851
155998
188201
219977
138958
204126
53407
201122
188285
222107
180852
181281
184290
198368
191053
8473
44902
204120
227628
150340
163848
178590
156593
165025
211070
172756
210136
213142
184587
101473
165722
224188
179579
165677
205962
205591
7841
222907
213321
224046
187151
230954
169043
181896
200673
3973
206551
54037
51113
168455
204276
52279
180635
188071
157983
138720
194361
163043
192767
230748
142300
182521
150922
146750
204520
201343
194955
203535
204757
138507
210962
5819
50620
190520
45143
205679
193060
8264
183333
193422
216428
5430
169407
215430
122862
192526
190177
212729
52752
163611
199000
191207
206506
120044
183125
186890
174941
5739
158036
189263
143645
146689
216295
188410
8333
200741
203265
211672
163854
119233
224213
226289
205286
201526
205642
170602
48738
169941
190581
223513
223143
1737
2992
220556
231627
177619
143659
125995
161791
224869
215569
222390
169808
198900
205021
229666
219755
215892
221891
146936
157703
53011
216860
189961
199334
135200
155264
175895
137809
183722
29831
137554
177515
212584
47483
136074
224837
201878
221862
201449
223874
183187
220609
203871
203280
149306
205401
45367
137786
205531
49476
188561
221839
220881
161805
176104
228261
163014
150035
213212
224836
214929
229474
185200
193686
223862
220991
172881
181459
223968
232072
162369
181786
15846
186267
127432
152959
185370
129143
208341
108060
142454
199977
189690
189560
113071
140141
111010
202529
209736
169527
215268
175088
229501
219571
161832
217085
161678
204550
194222
53783
172962
213574
221660
172844
190640
193176
189706
211017
193469
189506
106573
189508
188942
114040
229606
193336
177553
208388
149272
177055
203965
204642
171137
199069
184706
204655
139968
51479
116339
226537
139720
225199
27490
210859
193148
189946
183797
184085
198836
138714
150471
162216
188430
188538
228593
216823
192601
185172
23814
212096
24332
7808
183488
212785
159295
177905
216410
203725
203376
153255
232323
101978
212573
179547
210815
189899
199715
192309
223966
186748
218736
170626
176522
171699
13127
184893
205943
147923
113188
199701
138529
202790
201262
195149
185173
167993
215474
189679
213398
218478
223759
193697
202337
155992
229622
225605
200357
179958
170612
183940
184350
200499
206270
19376
209474
215580
194845
188337
229476
199861
140393
192824
9978
187027
204254
216437
222152
137204
194974
182859
232066
45656
23461
188860
232235
210872
207794
222900
19365
225725
175787
3363
53572
170084
54050
54051
164157
177573
198635
176962
184845
135472
216466
20760
13130
194681
136113
172061
216774
149791
199511
232381
212613
139869
24225
172048
186600
163092
193872
223566
217126
5741
139062
189963
49607
221641
187047
140391
198717
206207
184450
54053
186572
204638
158800
189823
187150
207566
212632
182819
6647
202527
229690
19232
225256
158676
188560
200387
188602
200322
171637
213414
181402
183308
195093
203256
180403
190749
163228
135021
164010
182170
202750
3869
189534
210544
199737
205085
175105
108784
15799
163371
176285
188839
199451
226720
205202
188920
165671
209415
205816
201117
161930
186153
123158
212713
211247
183070
139443
178319
215592
151885
176123
156538
208781
19805
223689
212886
45197
203688
161801
190507
146482
190756
200422
215822
10535
158260
28948
177637
188954
124871
204320
173073
179528
205252
193348
221914
198023
135865
164471
1443
223875
137733
184267
161649
201917
199509
183043
198248
204842
221274
224591
137960
170353
187052
224356
177683
203210
231205
189157
167933
214083
177282
208418
212245
212917
199432
184766
230064
204444
186723
190014
187925
217030
189867
144016
165267
204102
206436
177022
190516
193448
229217
207797
228982
196932
199818
20289
190807
7384
216810
192938
200641
1283
221734
221130
156650
190579
193660
6716
199419
138682
153296
203889
165102
185181
208602
183288
228981
176109
167943
205518
159381
51763
53039
183800
199051
184763
202559
156649
107298
50888
222993
196884
178136
189945
184173
204103
228717
140201
9432
37312
193738
220579
163418
226539
200275
34666
184271
200088
216393
169784
109809
194209
229215
183388
164042
116368
9764
215699
179544
209890
176451
212932
204946
228017
192565
183512
53408
148820
154950
194359
217242
191565
199725
177815
182625
162796
152552
206003
201138
217235
210966
138155
208790
200067
232227
199196
198640
200415
199800
192769
204269
138249
190196
193690
208944
187590
184489
139865
40988
185004
189655
141272
168650
142225
157947
188001
181132
203757
139083
223339
190343
28765
177901
168621
195090
51883
193482
190228
212639
158293
206209
207780
223263
195862
228821
204227
202751
222537
31667
41236
176103
141111
188405
173474
158142
137089
179712
157283
219943
188593
105454
195840
205705
2488
164680
111191
47058
102359
