Scoring History: 
            timestamp   duration training_speed   epochs iterations        samples training_rmse
1 2017-07-17 00:25:18  0.000 sec                 0.00000          0       0.000000              
2 2017-07-17 00:25:18  0.927 sec 180916 obs/sec  0.89912          1  100047.000000       0.14428
3 2017-07-17 00:25:21  3.351 sec 181381 obs/sec  4.49573          5  500249.000000       0.13938
4 2017-07-17 00:25:23  5.696 sec 184344 obs/sec  8.09132          9  900337.000000       0.13900
5 2017-07-17 00:25:25  7.917 sec 188866 obs/sec 11.68958         13 1300723.000000       0.13589
6 2017-07-17 00:25:28 10.185 sec 190033 obs/sec 15.28677         17 1700989.000000       0.15067
7 2017-07-17 00:25:30 12.414 sec 191474 obs/sec 18.87866         21 2100666.000000       0.13663
8 2017-07-17 00:25:30 12.726 sec 190122 obs/sec 18.87866         21 2100666.000000       0.13938
  training_logloss training_auc training_lift training_classification_error validation_rmse
1                                                                                          
2          0.05847      0.98186      17.91131                       0.04400         0.14111
3          0.05884      0.98086      17.91131                       0.03583         0.13479
4          0.05978      0.97991      18.77799                       0.03159         0.13724
5          0.06074      0.97696      20.22245                       0.03916         0.13346
6          0.06704      0.97923      19.93356                       0.03895         0.14862
7          0.06651      0.97327      20.51134                       0.03300         0.13539
8          0.05884      0.98086      17.91131                       0.03583         0.13479
  validation_logloss validation_auc validation_lift validation_classification_error
1                                                                                  
2            0.05585        0.98327        19.70357                         0.04321
3            0.05384        0.98379        21.86460                         0.03873
4            0.05578        0.98352        22.24596                         0.03683
5            0.05654        0.98109        21.99172                         0.04127
6            0.06404        0.98112        22.11884                         0.03987
7            0.06008        0.97501        21.86460                         0.03180
8            0.05384        0.98379        21.86460                         0.03873
