Scoring History: 
            timestamp   duration training_speed   epochs iterations        samples training_rmse
1 2017-07-17 01:17:48  0.000 sec                 0.00000          0       0.000000              
2 2017-07-17 01:17:49  0.890 sec 188058 obs/sec  0.89912          1  100047.000000       0.12263
3 2017-07-17 01:17:51  3.193 sec 188987 obs/sec  4.49573          5  500249.000000       0.12052
4 2017-07-17 01:17:53  5.351 sec 194331 obs/sec  8.09132          9  900337.000000       0.12161
5 2017-07-17 01:17:55  7.471 sec 198039 obs/sec 11.68958         13 1300723.000000       0.12090
6 2017-07-17 01:17:57  9.565 sec 200352 obs/sec 15.28677         17 1700989.000000       0.12286
7 2017-07-17 01:17:59 11.614 sec 202708 obs/sec 18.87866         21 2100666.000000       0.11953
8 2017-07-17 01:18:01 12.804 sec 202432 obs/sec 20.67588         23 2300647.000000       0.12011
9 2017-07-17 01:18:01 12.991 sec 202432 obs/sec 20.67588         23 2300647.000000       0.11953
  training_logloss training_auc training_lift training_classification_error validation_rmse
1                                                                                          
2          0.07673      0.82623      11.50723                       0.04087         0.12913
3          0.06740      0.85038      15.98226                       0.04400         0.12717
4          0.07075      0.82917      11.50723                       0.03058         0.12863
5          0.07002      0.86993      14.70368                       0.02614         0.12759
6          0.07214      0.84726      15.34297                       0.02614         0.12896
7          0.07252      0.85212      17.26084                       0.01695         0.12650
8          0.07254      0.85543      11.50723                       0.04138         0.12719
9          0.07252      0.85212      17.26084                       0.01695         0.12650
  validation_logloss validation_auc validation_lift validation_classification_error
1                                                                                  
2            0.08314        0.84185         6.83152                         0.07201
3            0.07173        0.86199         9.02737                         0.04072
4            0.07755        0.82990         8.29542                         0.05235
5            0.07833        0.86443        10.73525                         0.04968
6            0.07569        0.85701        10.00330                         0.03810
7            0.07473        0.87143        13.90703                         0.03404
8            0.07499        0.86858        10.24728                         0.03395
9            0.07473        0.87143        13.90703                         0.03404
