Scoring History: 
            timestamp   duration training_speed   epochs iterations        samples training_rmse
1 2017-07-17 00:56:38  0.000 sec                 0.00000          0       0.000000              
2 2017-07-17 00:56:38  0.954 sec 177388 obs/sec  0.89912          1  100047.000000       0.11073
3 2017-07-17 00:56:41  3.226 sec 188844 obs/sec  4.49573          5  500249.000000       0.11339
4 2017-07-17 00:56:43  5.360 sec 195895 obs/sec  8.09132          9  900337.000000       0.10911
5 2017-07-17 00:56:45  7.420 sec 201881 obs/sec 11.68958         13 1300723.000000       0.10991
6 2017-07-17 00:56:47  9.855 sec 208725 obs/sec 16.18453         18 1800885.000000       0.12448
7 2017-07-17 00:56:50 12.263 sec 213319 obs/sec 20.67588         23 2300647.000000       0.11009
8 2017-07-17 00:56:50 12.481 sec 213319 obs/sec 20.67588         23 2300647.000000       0.12448
  training_logloss training_auc training_lift training_classification_error validation_rmse
1                                                                                          
2          0.05736      0.88123       9.36283                       0.04208         0.11005
3          0.05523      0.89979      13.26402                       0.04380         0.11350
4          0.06003      0.88945      15.60472                       0.02220         0.10848
5          0.05819      0.88547      11.70354                       0.03239         0.10863
6          0.06717      0.89445      19.50591                       0.01877         0.12635
7          0.06191      0.89234      18.54027                       0.01817         0.10960
8          0.06717      0.89445      19.50591                       0.01877         0.12635
  validation_logloss validation_auc validation_lift validation_classification_error
1                                                                                  
2            0.05864        0.86750        11.23453                         0.03171
3            0.05808        0.88780        16.19094                         0.03070
4            0.06149        0.88133        19.49521                         0.01873
5            0.06017        0.88942        17.18222                         0.01463
6            0.07512        0.89091        20.15606                         0.02093
7            0.06541        0.88892        13.87794                         0.04063
8            0.07512        0.89091        20.15606                         0.02093
