Scoring History: 
            timestamp   duration training_speed   epochs iterations        samples training_rmse
1 2017-07-17 00:52:31  0.000 sec                 0.00000          0       0.000000              
2 2017-07-17 00:52:32  0.880 sec 177703 obs/sec  0.89912          1  100047.000000       0.13114
3 2017-07-17 00:52:34  2.737 sec 181838 obs/sec  3.59683          4  400226.000000       0.12974
4 2017-07-17 00:52:36  4.982 sec 188472 obs/sec  7.19187          8  800254.000000       0.12927
5 2017-07-17 00:52:38  7.078 sec 195109 obs/sec 10.79071         12 1200704.000000       0.12894
6 2017-07-17 00:52:40  9.157 sec 199725 obs/sec 14.38639         16 1600802.000000       0.12962
7 2017-07-17 00:52:43 11.562 sec 205584 obs/sec 18.87866         21 2100666.000000       0.12861
8 2017-07-17 00:52:44 12.710 sec 205966 obs/sec 20.67588         23 2300647.000000       0.12850
9 2017-07-17 00:52:44 12.912 sec 205966 obs/sec 20.67588         23 2300647.000000       0.12861
  training_logloss training_auc training_lift training_classification_error validation_rmse
1                                                                                          
2          0.07994      0.87684       5.59831                       0.09093         0.12441
3          0.09424      0.87673       7.83763                       0.08861         0.12374
4          0.08537      0.88573       7.27780                       0.05349         0.12457
5          0.08348      0.88262       8.95729                       0.07195         0.12438
6          0.08896      0.88044      10.63678                       0.07498         0.12465
7          0.08048      0.89301       7.27780                       0.04087         0.12306
8          0.08154      0.89159      10.07695                       0.05197         0.12326
9          0.08048      0.89301       7.27780                       0.04087         0.12306
  validation_logloss validation_auc validation_lift validation_classification_error
1                                                                                  
2            0.06929        0.88934         9.11910                         0.08326
3            0.08010        0.87474         8.85856                         0.10524
4            0.07349        0.88909         8.85856                         0.07607
5            0.07375        0.88471         5.99255                         0.06858
6            0.07861        0.88429         9.11910                         0.06926
7            0.07516        0.89014         8.33746                         0.08799
8            0.07608        0.88582         9.85914                         0.08402
9            0.07516        0.89014         8.33746                         0.08799
