Scoring History: 
            timestamp   duration training_speed   epochs iterations        samples training_rmse
1 2017-07-17 00:17:31  0.000 sec                 0.00000          0       0.000000              
2 2017-07-17 00:17:32  0.985 sec 168713 obs/sec  0.89912          1  100047.000000       0.11378
3 2017-07-17 00:17:34  3.271 sec 187429 obs/sec  4.49573          5  500249.000000       0.11354
4 2017-07-17 00:17:36  5.477 sec 192051 obs/sec  8.09132          9  900337.000000       0.11489
5 2017-07-17 00:17:38  7.683 sec 194427 obs/sec 11.68958         13 1300723.000000       0.11319
6 2017-07-17 00:17:40  9.811 sec 197835 obs/sec 15.28677         17 1700989.000000       0.11274
7 2017-07-17 00:17:43 12.541 sec 197707 obs/sec 19.77755         22 2200687.000000       0.11141
8 2017-07-17 00:17:44 13.262 sec 197226 obs/sec 20.67588         23 2300647.000000       0.11178
  training_logloss training_auc training_lift training_classification_error validation_rmse
1                                                                                          
2          0.08906      0.79234       8.38454                       0.03411         0.11077
3          0.08355      0.82885       6.09785                       0.07165         0.11012
4          0.06851      0.85305      10.67123                       0.03472         0.11203
5          0.09456      0.82746       7.62231                       0.03754         0.10965
6          0.07525      0.84961      11.43346                       0.04693         0.10898
7          0.07093      0.85803      11.43346                       0.03562         0.10778
8          0.06767      0.86118      14.48238                       0.04178         0.10801
  validation_logloss validation_auc validation_lift validation_classification_error
1                                                                                  
2            0.08049        0.81509        10.52197                         0.03104
3            0.07168        0.85912        10.18255                         0.02943
4            0.06063        0.87609        11.54023                         0.03937
5            0.08164        0.84800        12.21906                         0.03725
6            0.06455        0.86576        15.27383                         0.02224
7            0.06365        0.87523        15.61325                         0.03704
8            0.06134        0.87693        16.97092                         0.02402
