Scoring History: 
            timestamp   duration training_speed   epochs iterations        samples training_rmse
1 2017-07-17 00:48:12  0.000 sec                 0.00000          0       0.000000              
2 2017-07-17 00:48:13  0.968 sec 188058 obs/sec  0.89912          1  100047.000000       0.16883
3 2017-07-17 00:48:15  3.171 sec 197726 obs/sec  4.49573          5  500249.000000       0.16712
4 2017-07-17 00:48:17  5.455 sec 193954 obs/sec  8.09132          9  900337.000000       0.16441
5 2017-07-17 00:48:19  7.576 sec 198250 obs/sec 11.68958         13 1300723.000000       0.16633
6 2017-07-17 00:48:21  9.671 sec 200848 obs/sec 15.28677         17 1700989.000000       0.16952
7 2017-07-17 00:48:24 11.738 sec 202982 obs/sec 18.87866         21 2100666.000000       0.16346
8 2017-07-17 00:48:25 12.925 sec 203004 obs/sec 20.67588         23 2300647.000000       0.16529
9 2017-07-17 00:48:25 13.115 sec 203004 obs/sec 20.67588         23 2300647.000000       0.16441
  training_logloss training_auc training_lift training_classification_error validation_rmse
1                                                                                          
2          0.12784      0.79344       6.00545                       0.07962         0.16722
3          0.12744      0.84301       8.67455                       0.08376         0.16613
4          0.11160      0.84906       8.34091                       0.06146         0.16421
5          0.12040      0.84465       7.67364                       0.11182         0.16512
6          0.14889      0.83493       7.00636                       0.05308         0.16794
7          0.11555      0.86055       8.00727                       0.06519         0.16369
8          0.11472      0.86373       9.67545                       0.05369         0.16753
9          0.11160      0.84906       8.34091                       0.06146         0.16421
  validation_logloss validation_auc validation_lift validation_classification_error
1                                                                                  
2            0.12943        0.77275         4.03771                         0.12152
3            0.13090        0.81720         5.19134                         0.07425
4            0.11283        0.83002         7.93121                         0.05852
5            0.12105        0.82522         5.47974                         0.11670
6            0.15376        0.80974         6.20076                         0.11150
7            0.12485        0.82426         7.21019                         0.07163
8            0.12579        0.82691         7.89788                         0.06820
9            0.11283        0.83002         7.93121                         0.05852
