Scoring History: 
            timestamp   duration training_speed   epochs iterations        samples training_rmse
1 2017-07-17 01:30:25  0.000 sec                 0.00000          0       0.000000              
2 2017-07-17 01:30:25  0.921 sec 182567 obs/sec  0.89912          1  100047.000000       0.10508
3 2017-07-17 01:30:28  3.217 sec 188063 obs/sec  4.49573          5  500249.000000       0.10317
4 2017-07-17 01:30:30  5.323 sec 196623 obs/sec  8.09132          9  900337.000000       0.10206
5 2017-07-17 01:30:32  7.403 sec 200976 obs/sec 11.68958         13 1300723.000000       0.10346
6 2017-07-17 01:30:34  9.357 sec 206857 obs/sec 15.28677         17 1700989.000000       0.10253
7 2017-07-17 01:30:36 11.580 sec 214952 obs/sec 19.77755         22 2200687.000000       0.10353
8 2017-07-17 01:30:37 12.273 sec 214752 obs/sec 20.67588         23 2300647.000000       0.10373
9 2017-07-17 01:30:37 12.445 sec 214752 obs/sec 20.67588         23 2300647.000000       0.10206
  training_logloss training_auc training_lift training_classification_error validation_rmse
1                                                                                          
2          0.07476      0.82121       7.14162                       0.02503         0.10913
3          0.06437      0.85533      14.28324                       0.01161         0.10749
4          0.06176      0.86695      17.85405                       0.02028         0.10621
5          0.06910      0.84842      11.60514                       0.02957         0.10824
6          0.06972      0.84396      22.31757                       0.01272         0.10738
7          0.06717      0.87253      17.85405                       0.02028         0.10778
8          0.07286      0.86165      14.28324                       0.02806         0.10780
9          0.06176      0.86695      17.85405                       0.02028         0.10621
  validation_logloss validation_auc validation_lift validation_classification_error
1                                                                                  
2            0.07603        0.84447         7.99703                         0.03822
3            0.06740        0.85104        12.86479                         0.01674
4            0.06245        0.86938        17.03715                         0.01979
5            0.06911        0.85007         9.04012                         0.03734
6            0.07268        0.85106        17.73255                         0.01628
7            0.06962        0.86241        16.34176                         0.02025
8            0.07720        0.85544        20.86182                         0.01759
9            0.06245        0.86938        17.03715                         0.01979
