Scoring History: 
            timestamp   duration training_speed   epochs iterations        samples training_rmse
1 2017-07-17 01:34:07  0.000 sec                 0.00000          0       0.000000              
2 2017-07-17 01:34:08  0.937 sec 172792 obs/sec  0.89912          1  100047.000000       0.17624
3 2017-07-17 01:34:10  2.748 sec 181673 obs/sec  3.59683          4  400226.000000       0.17229
4 2017-07-17 01:34:12  5.020 sec 187369 obs/sec  7.19187          8  800254.000000       0.16925
5 2017-07-17 01:34:14  7.255 sec 189564 obs/sec 10.79071         12 1200704.000000       0.16714
6 2017-07-17 01:34:16  9.056 sec 190032 obs/sec 13.48666         15 1500688.000000       0.16979
7 2017-07-17 01:34:19 11.786 sec 191689 obs/sec 17.98166         20 2000855.000000       0.16593
8 2017-07-17 01:34:21 13.497 sec 192329 obs/sec 20.67588         23 2300647.000000       0.16921
9 2017-07-17 01:34:21 13.684 sec 192329 obs/sec 20.67588         23 2300647.000000       0.16593
  training_logloss training_auc training_lift training_classification_error validation_rmse
1                                                                                          
2          0.10427      0.93194      10.92121                       0.07135         0.17883
3          0.10422      0.93375      11.18758                       0.06691         0.17544
4          0.09936      0.93706      13.85129                       0.04239         0.17202
5          0.09909      0.93942      15.18315                       0.03996         0.17293
6          0.10364      0.93695      14.65040                       0.05369         0.17398
7          0.09559      0.94643      15.71589                       0.05066         0.17077
8          0.10161      0.93876      15.71589                       0.04743         0.17336
9          0.09559      0.94643      15.71589                       0.05066         0.17077
  validation_logloss validation_auc validation_lift validation_classification_error
1                                                                                  
2            0.10882        0.92600        10.53329                         0.08249
3            0.11171        0.92200         9.86803                         0.07581
4            0.10472        0.93116        12.86170                         0.06495
5            0.10987        0.92530        12.86170                         0.06567
6            0.11220        0.92436        12.52907                         0.07285
7            0.10132        0.93777        14.30309                         0.05471
8            0.10648        0.93246        12.97257                         0.07383
9            0.10132        0.93777        14.30309                         0.05471
