Scoring History: 
            timestamp   duration training_speed   epochs iterations        samples training_rmse
1 2017-07-17 01:10:42  0.000 sec                 0.00000          0       0.000000              
2 2017-07-17 01:10:43  0.891 sec 188412 obs/sec  0.89912          1  100047.000000       0.18222
3 2017-07-17 01:10:45  3.122 sec 194346 obs/sec  4.49573          5  500249.000000       0.19389
4 2017-07-17 01:10:47  5.296 sec 198093 obs/sec  8.09132          9  900337.000000       0.17707
5 2017-07-17 01:10:49  7.443 sec 200481 obs/sec 11.68958         13 1300723.000000       0.17970
6 2017-07-17 01:10:51  9.556 sec 202691 obs/sec 15.28677         17 1700989.000000       0.17836
7 2017-07-17 01:10:54 12.041 sec 206172 obs/sec 19.77755         22 2200687.000000       0.17506
8 2017-07-17 01:10:55 12.791 sec 205048 obs/sec 20.67588         23 2300647.000000       0.17592
  training_logloss training_auc training_lift training_classification_error validation_rmse
1                                                                                          
2          0.11996      0.91346       9.03099                       0.08457         0.18196
3          0.12754      0.92294       9.53271                       0.08356         0.19849
4          0.11775      0.92275      14.15749                       0.06963         0.17992
5          0.11982      0.91628      11.03787                       0.08306         0.17872
6          0.12590      0.91273      10.53615                       0.08840         0.17812
7          0.12227      0.92267      13.79734                       0.08174         0.17589
8          0.12003      0.92540      13.54648                       0.08911         0.18019
  validation_logloss validation_auc validation_lift validation_classification_error
1                                                                                  
2            0.12576        0.89431         6.71128                         0.09345
3            0.13852        0.90493        10.23195                         0.08507
4            0.12627        0.90725        10.56201                         0.08571
5            0.12650        0.89960        10.56201                         0.07886
6            0.13099        0.90243        10.01191                         0.08913
7            0.12864        0.90724        12.98248                         0.07962
8            0.12983        0.90761        13.42256                         0.10245
