Scoring History: 
            timestamp   duration training_speed   epochs iterations        samples training_rmse
1 2017-07-17 00:44:28  0.000 sec                 0.00000          0       0.000000              
2 2017-07-17 00:44:29  0.922 sec 182901 obs/sec  0.89912          1  100047.000000       0.13814
3 2017-07-17 00:44:31  3.170 sec 191886 obs/sec  4.49573          5  500249.000000       0.13503
4 2017-07-17 00:44:33  5.441 sec 191724 obs/sec  8.09132          9  900337.000000       0.13486
5 2017-07-17 00:44:36  7.646 sec 193704 obs/sec 11.68958         13 1300723.000000       0.13790
6 2017-07-17 00:44:38  9.674 sec 199179 obs/sec 15.28677         17 1700989.000000       0.13576
7 2017-07-17 00:44:40 12.123 sec 203729 obs/sec 19.77755         22 2200687.000000       0.13477
8 2017-07-17 00:44:41 12.825 sec 203291 obs/sec 20.67588         23 2300647.000000       0.13833
9 2017-07-17 00:44:41 13.012 sec 203291 obs/sec 20.67588         23 2300647.000000       0.13477
  training_logloss training_auc training_lift training_classification_error validation_rmse
1                                                                                          
2          0.09232      0.77210       7.00636                       0.06176         0.13447
3          0.08018      0.84140      11.01000                       0.04915         0.13339
4          0.08188      0.85709      13.37849                       0.05359         0.13310
5          0.09379      0.84397      11.51045                       0.04249         0.13483
6          0.08784      0.85675      12.01091                       0.06247         0.13276
7          0.08168      0.85738      12.01091                       0.04168         0.13185
8          0.09988      0.85086       9.00818                       0.06600         0.13515
9          0.08168      0.85738      12.01091                       0.04168         0.13185
  validation_logloss validation_auc validation_lift validation_classification_error
1                                                                                  
2            0.08654        0.78641         8.18668                         0.04765
3            0.07845        0.84001         8.62921                         0.05869
4            0.08113        0.84738        10.39930                         0.05543
5            0.08973        0.84570        11.50561                         0.04609
6            0.08397        0.85981        12.39066                         0.03848
7            0.07783        0.86421        13.05444                         0.03890
8            0.09538        0.85354         8.85047                         0.05488
9            0.07783        0.86421        13.05444                         0.03890
