Scoring History: 
            timestamp   duration training_speed   epochs iterations        samples training_rmse
1 2017-07-17 01:21:26  0.000 sec                 0.00000          0       0.000000              
2 2017-07-17 01:21:27  0.910 sec 182901 obs/sec  0.89912          1  100047.000000       0.15359
3 2017-07-17 01:21:29  3.214 sec 188488 obs/sec  4.49573          5  500249.000000       0.15318
4 2017-07-17 01:21:31  5.542 sec 187804 obs/sec  8.09132          9  900337.000000       0.15318
5 2017-07-17 01:21:33  7.870 sec 187478 obs/sec 11.68958         13 1300723.000000       0.15387
6 2017-07-17 01:21:36 10.091 sec 189906 obs/sec 15.28677         17 1700989.000000       0.15175
7 2017-07-17 01:21:38 12.235 sec 192474 obs/sec 18.87866         21 2100666.000000       0.15124
8 2017-07-17 01:21:39 13.443 sec 192780 obs/sec 20.67588         23 2300647.000000       0.15112
9 2017-07-17 01:21:39 13.630 sec 192780 obs/sec 20.67588         23 2300647.000000       0.15124
  training_logloss training_auc training_lift training_classification_error validation_rmse
1                                                                                          
2          0.10376      0.83049       4.83366                       0.16127         0.16117
3          0.10038      0.83397       7.65329                       0.07529         0.16103
4          0.10294      0.84255       6.44488                       0.06681         0.16037
5          0.10744      0.83648       4.83366                       0.08386         0.16058
6          0.11056      0.84278       6.44488                       0.06852         0.15914
7          0.10819      0.85509       6.84768                       0.05298         0.15830
8          0.10718      0.86067       9.26451                       0.10304         0.15879
9          0.10819      0.85509       6.84768                       0.05298         0.15830
  validation_logloss validation_auc validation_lift validation_classification_error
1                                                                                  
2            0.11449        0.82287         6.24871                         0.10558
3            0.10910        0.83138         7.19338                         0.04584
4            0.11147        0.84030         6.73423                         0.09814
5            0.11335        0.84217         7.65253                         0.05831
6            0.11738        0.84452         6.88728                         0.05992
7            0.11501        0.85369         8.26474                         0.05653
8            0.11679        0.85084         7.65253                         0.07378
9            0.11501        0.85369         8.26474                         0.05653
