Scoring History: 
            timestamp   duration training_speed   epochs iterations        samples training_rmse
1 2017-07-17 00:40:21  0.000 sec                 0.00000          0       0.000000              
2 2017-07-17 00:40:22  0.949 sec 188412 obs/sec  0.89912          1  100047.000000       0.15566
3 2017-07-17 00:40:24  3.130 sec 198196 obs/sec  4.49573          5  500249.000000       0.15339
4 2017-07-17 00:40:26  5.305 sec 199542 obs/sec  8.09132          9  900337.000000       0.15301
5 2017-07-17 00:40:28  7.436 sec 201506 obs/sec 11.68958         13 1300723.000000       0.15091
6 2017-07-17 00:40:30  9.547 sec 203418 obs/sec 15.28677         17 1700989.000000       0.15057
7 2017-07-17 00:40:32 11.715 sec 203395 obs/sec 18.87866         21 2100666.000000       0.15362
8 2017-07-17 00:40:33 12.839 sec 204520 obs/sec 20.67588         23 2300647.000000       0.15088
  training_logloss training_auc training_lift training_classification_error validation_rmse
1                                                                                          
2          0.15061      0.76899       2.85444                       0.11404         0.16077
3          0.12355      0.75401       6.52444                       0.06721         0.15857
4          0.13437      0.78272      10.60222                       0.03926         0.15893
5          0.12100      0.78829      11.82556                       0.03865         0.15698
6          0.12052      0.79891      13.04889                       0.03694         0.15662
7          0.15068      0.74569       6.11667                       0.08820         0.15847
8          0.11693      0.80648      10.60222                       0.03461         0.15576
  validation_logloss validation_auc validation_lift validation_classification_error
1                                                                                  
2            0.15987        0.77144         4.51388                         0.12266
3            0.13196        0.75366         6.93203                         0.09011
4            0.14357        0.78507         8.38292                         0.05894
5            0.12926        0.79039        10.31744                         0.04989
6            0.12874        0.80113        11.87942                         0.03463
7            0.16101        0.73827         7.41566                         0.06985
8            0.12407        0.80467         9.83381                         0.05687
