Scoring History: 
            timestamp   duration training_speed   epochs iterations        samples training_rmse
1 2017-07-17 00:21:26  0.000 sec                 0.00000          0       0.000000              
2 2017-07-17 00:21:26  1.139 sec 135933 obs/sec  0.89912          1  100047.000000       0.06242
3 2017-07-17 00:21:29  3.498 sec 172084 obs/sec  4.49573          5  500249.000000       0.06100
4 2017-07-17 00:21:31  5.406 sec 173515 obs/sec  7.19187          8  800254.000000       0.06064
5 2017-07-17 00:21:33  7.700 sec 178729 obs/sec 10.79071         12 1200704.000000       0.06116
6 2017-07-17 00:21:35  9.937 sec 182907 obs/sec 14.38639         16 1600802.000000       0.06211
7 2017-07-17 00:21:37 12.167 sec 185384 obs/sec 17.98166         20 2000855.000000       0.06103
8 2017-07-17 00:21:39 13.891 sec 186862 obs/sec 20.67588         23 2300647.000000       0.06102
9 2017-07-17 00:21:39 14.079 sec 186862 obs/sec 20.67588         23 2300647.000000       0.06211
  training_logloss training_auc training_lift training_classification_error validation_rmse
1                                                                                          
2          0.02510      0.82063       8.03432                       0.00777         0.06457
3          0.02809      0.76258      18.74676                       0.00394         0.06321
4          0.03127      0.77854      10.71243                       0.00373         0.06265
5          0.03097      0.78867      10.71243                       0.00838         0.06304
6          0.02954      0.81149       0.00000                       0.08366         0.06363
7          0.03328      0.83307       5.35622                       0.02341         0.06298
8          0.04040      0.78546       5.35622                       0.02826         0.06300
9          0.02954      0.81149       0.00000                       0.08366         0.06363
  validation_logloss validation_auc validation_lift validation_classification_error
1                                                                                  
2            0.02849        0.77478         8.49268                         0.00719
3            0.02815        0.80394        11.67744                         0.01066
4            0.03017        0.83217        11.67744                         0.00630
5            0.02796        0.82807        10.61585                         0.01387
6            0.02850        0.84159         5.28562                         0.05112
7            0.03423        0.83982         5.30793                         0.04419
8            0.04151        0.83628         8.49268                         0.04072
9            0.02850        0.84159         5.28562                         0.05112
