Scoring History: 
            timestamp   duration training_speed   epochs iterations        samples training_rmse
1 2017-07-17 00:37:28  0.000 sec                 0.00000          0       0.000000              
2 2017-07-17 00:37:29  0.952 sec 173091 obs/sec  0.89912          1  100047.000000       0.18499
3 2017-07-17 00:37:31  3.280 sec 183107 obs/sec  4.49573          5  500249.000000       0.18184
4 2017-07-17 00:37:33  5.497 sec 189106 obs/sec  8.09132          9  900337.000000       0.18039
5 2017-07-17 00:37:36  7.701 sec 191847 obs/sec 11.68958         13 1300723.000000       0.17742
6 2017-07-17 00:37:38  9.848 sec 194978 obs/sec 15.28677         17 1700989.000000       0.17932
7 2017-07-17 00:37:40 11.970 sec 197375 obs/sec 18.87866         21 2100666.000000       0.17932
8 2017-07-17 00:37:41 13.156 sec 197871 obs/sec 20.67588         23 2300647.000000       0.17939
9 2017-07-17 00:37:41 13.375 sec 197871 obs/sec 20.67588         23 2300647.000000       0.17932
  training_logloss training_auc training_lift training_classification_error validation_rmse
1                                                                                          
2          0.13512      0.87885       7.83620                       0.07357         0.18600
3          0.12322      0.90088      10.61679                       0.10253         0.18218
4          0.11823      0.90601      12.38625                       0.09971         0.18174
5          0.12053      0.90507      14.91406                       0.07438         0.17964
6          0.12399      0.91449      15.92518                       0.05873         0.18069
7          0.11532      0.91505      10.11122                       0.07640         0.18066
8          0.12329      0.90381      12.13347                       0.08073         0.17992
9          0.12399      0.91449      15.92518                       0.05873         0.18069
  validation_logloss validation_auc validation_lift validation_classification_error
1                                                                                  
2            0.13342        0.88218         7.57756                         0.10068
3            0.12233        0.90248        10.84034                         0.09366
4            0.11795        0.90777         9.71209                         0.08283
5            0.12022        0.90813        12.70042                         0.09171
6            0.12456        0.91641        14.40804                         0.07531
7            0.11611        0.91371        10.56590                         0.10808
8            0.12191        0.90522        12.70042                         0.06385
9            0.12456        0.91641        14.40804                         0.07531
