Scoring History: 
            timestamp   duration training_speed   epochs iterations        samples training_rmse
1 2017-07-17 01:14:06  0.000 sec                 0.00000          0       0.000000              
2 2017-07-17 01:14:07  0.923 sec 188412 obs/sec  0.89912          1  100047.000000       0.16042
3 2017-07-17 01:14:09  3.130 sec 194876 obs/sec  4.49573          5  500249.000000       0.15751
4 2017-07-17 01:14:11  5.219 sec 202368 obs/sec  8.09132          9  900337.000000       0.15971
5 2017-07-17 01:14:14  7.673 sec 208565 obs/sec 12.58833         14 1400729.000000       0.15803
6 2017-07-17 01:14:15  9.627 sec 212193 obs/sec 16.18453         18 1800885.000000       0.15809
7 2017-07-17 01:14:18 11.648 sec 212914 obs/sec 19.77755         22 2200687.000000       0.15819
8 2017-07-17 01:14:18 12.353 sec 211728 obs/sec 20.67588         23 2300647.000000       0.15820
9 2017-07-17 01:14:18 12.526 sec 211728 obs/sec 20.67588         23 2300647.000000       0.15809
  training_logloss training_auc training_lift training_classification_error validation_rmse
1                                                                                          
2          0.10848      0.81942       6.97300                       0.09688         0.15825
3          0.10733      0.84690      12.84500                       0.07801         0.15457
4          0.10617      0.83737       9.54200                       0.07539         0.15758
5          0.10387      0.84712       9.17500                       0.05631         0.15596
6          0.10616      0.84469       9.17500                       0.05288         0.15392
7          0.10396      0.84171       7.70700                       0.08568         0.15499
8          0.11040      0.82829       9.17500                       0.04006         0.15510
9          0.10616      0.84469       9.17500                       0.05288         0.15392
  validation_logloss validation_auc validation_lift validation_classification_error
1                                                                                  
2            0.10719        0.80868         5.68830                         0.09569
3            0.10432        0.84260         9.75137                         0.05907
4            0.10233        0.84067         9.26380                         0.07805
5            0.10115        0.84200         8.28867                         0.06000
6            0.10176        0.84311         9.91389                         0.05438
7            0.10011        0.84181         8.61371                         0.06123
8            0.10340        0.83950         7.80110                         0.04465
9            0.10176        0.84311         9.91389                         0.05438
