Scoring History: 
            timestamp   duration training_speed   epochs iterations        samples training_rmse
1 2017-07-17 00:14:11  0.000 sec                 0.00000          0       0.000000              
2 2017-07-17 00:14:12  0.920 sec 178019 obs/sec  0.89912          1  100047.000000       0.07032
3 2017-07-17 00:14:14  3.342 sec 179880 obs/sec  4.49573          5  500249.000000       0.07288
4 2017-07-17 00:14:16  5.639 sec 184760 obs/sec  8.09132          9  900337.000000       0.07256
5 2017-07-17 00:14:19  7.936 sec 187100 obs/sec 11.68958         13 1300723.000000       0.06954
6 2017-07-17 00:14:21 10.496 sec 193726 obs/sec 16.18453         18 1800885.000000       0.06864
7 2017-07-17 00:14:24 13.075 sec 197108 obs/sec 20.67588         23 2300647.000000       0.06885
8 2017-07-17 00:14:24 13.294 sec 197108 obs/sec 20.67588         23 2300647.000000       0.06864
  training_logloss training_auc training_lift training_classification_error validation_rmse
1                                                                                          
2          0.03422      0.84436       2.06438                       0.13967         0.07629
3          0.02815      0.90604      16.51500                       0.00767         0.07914
4          0.02722      0.91262      14.45063                       0.01746         0.07792
5          0.04329      0.91564      16.51500                       0.00989         0.07579
6          0.02458      0.93652      18.57937                       0.01251         0.07465
7          0.02138      0.95564      14.45063                       0.03653         0.07508
8          0.02458      0.93652      18.57937                       0.01251         0.07465
  validation_logloss validation_auc validation_lift validation_classification_error
1                                                                                  
2            0.03849        0.85857         7.33743                         0.04042
3            0.03486        0.89313        11.73989                         0.02989
4            0.03465        0.88386        17.60983                         0.01311
5            0.05744        0.88601         8.07117                         0.06047
6            0.03611        0.90033        14.67486                         0.01962
7            0.03437        0.89826        13.20737                         0.02634
8            0.03611        0.90033        14.67486                         0.01962
