Scoring History: 
            timestamp   duration training_speed   epochs iterations        samples training_rmse
1 2017-07-17 01:03:35  0.000 sec                 0.00000          0       0.000000              
2 2017-07-17 01:03:36  0.967 sec 188412 obs/sec  0.89912          1  100047.000000       0.02658
3 2017-07-17 01:03:38  3.437 sec 178851 obs/sec  4.49573          5  500249.000000       0.02658
4 2017-07-17 01:03:41  5.851 sec 179242 obs/sec  8.09132          9  900337.000000       0.02658
5 2017-07-17 01:03:43  8.241 sec 180005 obs/sec 11.68958         13 1300723.000000       0.02658
6 2017-07-17 01:03:45 10.142 sec 179180 obs/sec 14.38639         16 1600802.000000       0.02658
7 2017-07-17 01:03:47 12.467 sec 180713 obs/sec 17.98166         20 2000855.000000       0.02658
8 2017-07-17 01:03:49 14.465 sec 179150 obs/sec 20.67588         23 2300647.000000       0.02658
  training_logloss training_auc training_lift training_classification_error validation_rmse
1                                                                                          
2          0.01224      0.62339       0.00000                       0.24927         0.02157
3          0.00984      0.86760       0.00000                       0.05520         0.02157
4          0.01045      0.85932      42.46714                       0.00061         0.02157
5          0.01029      0.91078      42.46714                       0.00071         0.02157
6          0.00901      0.98223      56.62286                       0.00111         0.02157
7          0.00802      0.99012      70.77857                       0.00091         0.02157
8          0.00715      0.99716      99.09000                       0.00050         0.02157
  validation_logloss validation_auc validation_lift validation_classification_error
1                                                                                  
2            0.00807        0.63922         0.00000                         0.29801
3            0.00629        0.84944        18.14346                         0.00300
4            0.00746        0.81255        18.14346                         0.00114
5            0.00721        0.87565        18.14346                         0.00156
6            0.00621        0.93261        45.35865                         0.00101
7            0.00561        0.95273        45.35865                         0.00072
8            0.00497        0.97055        81.64557                         0.00059
