Scoring History: 
            timestamp   duration training_speed   epochs iterations        samples training_rmse
1 2017-07-17 02:57:35  0.000 sec                 0.00000          0       0.000000              
2 2017-07-17 02:57:35  0.899 sec 183909 obs/sec  0.89912          1  100047.000000       0.49941
3 2017-07-17 02:57:37  3.038 sec 202284 obs/sec  4.49573          5  500249.000000       0.49196
4 2017-07-17 02:57:40  5.446 sec 212872 obs/sec  8.99147         10 1000499.000000       0.49178
5 2017-07-17 02:57:42  7.295 sec 219687 obs/sec 12.58833         14 1400729.000000       0.49194
6 2017-07-17 02:57:43  9.032 sec 226840 obs/sec 16.18453         18 1800885.000000       0.48980
7 2017-07-17 02:57:45 11.168 sec 233568 obs/sec 20.67588         23 2300647.000000       0.48799
  training_logloss training_auc training_lift training_classification_error validation_rmse
1                                                                                          
2          0.69367      0.56766       1.29199                       0.46554         0.50043
3          0.67710      0.59972       1.32944                       0.44818         0.49418
4          0.67730      0.60215       1.32944                       0.43859         0.49246
5          0.67808      0.61108       1.40434                       0.44283         0.49322
6          0.67325      0.61830       1.40434                       0.44081         0.49076
7          0.66950      0.62133       1.53541                       0.44404         0.48871
  validation_logloss validation_auc validation_lift validation_classification_error
1                                                                                  
2            0.69606        0.56466         1.25715                         0.46381
3            0.68155        0.58715         1.28877                         0.46038
4            0.67838        0.59922         1.39156                         0.44414
5            0.68042        0.60539         1.47853                         0.45019
6            0.67513        0.61445         1.52597                         0.45184
7            0.67082        0.61903         1.52597                         0.43903
