Scoring History: 
            timestamp   duration training_speed   epochs iterations        samples training_rmse
1 2017-07-17 01:25:49  0.000 sec                 0.00000          0       0.000000              
2 2017-07-17 01:25:49  0.921 sec 182567 obs/sec  0.89912          1  100047.000000       0.11071
3 2017-07-17 01:25:52  3.190 sec 190208 obs/sec  4.49573          5  500249.000000       0.10988
4 2017-07-17 01:25:54  5.346 sec 196537 obs/sec  8.09132          9  900337.000000       0.11474
5 2017-07-17 01:25:56  7.474 sec 200976 obs/sec 11.68958         13 1300723.000000       0.11136
6 2017-07-17 01:25:58 10.017 sec 205112 obs/sec 16.18453         18 1800885.000000       0.11017
7 2017-07-17 01:26:01 12.502 sec 208297 obs/sec 20.67588         23 2300647.000000       0.10932
8 2017-07-17 01:26:01 12.705 sec 208297 obs/sec 20.67588         23 2300647.000000       0.11017
  training_logloss training_auc training_lift training_classification_error validation_rmse
1                                                                                          
2          0.05708      0.88424      10.14307                       0.02654         0.11499
3          0.06181      0.88075      13.26402                       0.02967         0.11448
4          0.06335      0.88882      14.04425                       0.01595         0.11891
5          0.05878      0.89637       6.24189                       0.08447         0.11584
6          0.05849      0.89580       5.46165                       0.07367         0.11406
7          0.05792      0.90498      11.70354                       0.04602         0.11417
8          0.05849      0.89580       5.46165                       0.07367         0.11406
  validation_logloss validation_auc validation_lift validation_classification_error
1                                                                                  
2            0.05981        0.89120        10.03975                         0.02702
3            0.06371        0.88315        11.25669                         0.02393
4            0.06463        0.89497         9.43128                         0.04524
5            0.06119        0.89517         6.38893                         0.09844
6            0.06214        0.90240         7.91011                         0.08097
7            0.06290        0.89759         6.69317                         0.07759
8            0.06214        0.90240         7.91011                         0.08097
