Scoring History: 
            timestamp   duration training_speed   epochs iterations        samples training_rmse
1 2017-07-17 01:07:06  0.000 sec                 0.00000          0       0.000000              
2 2017-07-17 01:07:06  0.911 sec 173091 obs/sec  0.89912          1  100047.000000       0.17221
3 2017-07-17 01:07:08  2.759 sec 178991 obs/sec  3.59683          4  400226.000000       0.16138
4 2017-07-17 01:07:11  5.085 sec 182248 obs/sec  7.19187          8  800254.000000       0.16658
5 2017-07-17 01:07:12  6.902 sec 182812 obs/sec  9.89047         11 1100532.000000       0.16156
6 2017-07-17 01:07:15  9.155 sec 185981 obs/sec 13.48666         15 1500688.000000       0.15809
7 2017-07-17 01:07:17 11.382 sec 188034 obs/sec 17.08280         19 1900837.000000       0.15671
8 2017-07-17 01:07:19 13.555 sec 190466 obs/sec 20.67588         23 2300647.000000       0.16869
9 2017-07-17 01:07:19 13.758 sec 190466 obs/sec 20.67588         23 2300647.000000       0.15671
  training_logloss training_auc training_lift training_classification_error validation_rmse
1                                                                                          
2          0.10863      0.90890      15.53778                       0.04854         0.17349
3          0.10208      0.91365      17.41578                       0.04390         0.15738
4          0.10261      0.92522      14.65828                       0.03865         0.16699
5          0.09660      0.92561      15.24462                       0.04218         0.16046
6          0.09806      0.92838      17.29678                       0.04027         0.15637
7          0.09624      0.92960      18.76260                       0.04067         0.15650
8          0.10469      0.92796      17.58994                       0.04844         0.16989
9          0.09624      0.92960      18.76260                       0.04067         0.15650
  validation_logloss validation_auc validation_lift validation_classification_error
1                                                                                  
2            0.10912        0.90660        12.82429                         0.05484
3            0.09566        0.91645        16.03037                         0.04799
4            0.10227        0.92159        13.22505                         0.05197
5            0.09639        0.91998        15.22885                         0.04918
6            0.09633        0.92419        15.76319                         0.04613
7            0.09591        0.92528        16.69830                         0.04605
8            0.10624        0.92385        14.69450                         0.05734
9            0.09591        0.92528        16.69830                         0.04605
