Scoring History: 
            timestamp   duration training_speed   epochs iterations        samples training_rmse
1 2017-07-17 00:34:02  0.000 sec                 0.00000          0       0.000000              
2 2017-07-17 00:34:02  0.943 sec 182901 obs/sec  0.89912          1  100047.000000       0.16705
3 2017-07-17 00:34:05  3.398 sec 178278 obs/sec  4.49573          5  500249.000000       0.15910
4 2017-07-17 00:34:07  5.711 sec 182587 obs/sec  8.09132          9  900337.000000       0.15887
5 2017-07-17 00:34:10  8.031 sec 184525 obs/sec 11.68958         13 1300723.000000       0.15727
6 2017-07-17 00:34:12 10.236 sec 187602 obs/sec 15.28677         17 1700989.000000       0.15986
7 2017-07-17 00:34:14 12.373 sec 190674 obs/sec 18.87866         21 2100666.000000       0.15915
8 2017-07-17 00:34:15 13.574 sec 191226 obs/sec 20.67588         23 2300647.000000       0.16932
9 2017-07-17 00:34:15 13.761 sec 191226 obs/sec 20.67588         23 2300647.000000       0.15727
  training_logloss training_auc training_lift training_classification_error validation_rmse
1                                                                                          
2          0.10435      0.91691      12.31465                       0.05066         0.16775
3          0.09536      0.93038      17.46962                       0.04107         0.15953
4          0.09350      0.93625      17.18324                       0.04673         0.15982
5          0.09470      0.93487      19.18795                       0.04087         0.15901
6          0.09717      0.93733      18.32879                       0.03986         0.15998
7          0.09730      0.93066      16.61046                       0.03472         0.15858
8          0.10382      0.93377      17.75601                       0.04138         0.16893
9          0.09470      0.93487      19.18795                       0.04087         0.15901
  validation_logloss validation_auc validation_lift validation_classification_error
1                                                                                  
2            0.10236        0.92769        12.54556                         0.04994
3            0.09324        0.93962        16.34376                         0.04567
4            0.09364        0.94031        17.76506                         0.04710
5            0.09373        0.94168        17.37963                         0.04452
6            0.09668        0.93964        18.18531                         0.03653
7            0.09621        0.93582        18.30041                         0.04063
8            0.10339        0.93871        17.49473                         0.04943
9            0.09373        0.94168        17.37963                         0.04452
